uuid,site_code,DateTimeUTC,Meter_Hydros21_Cond,Meter_Hydros21_Depth,Meter_Hydros21_Temp,EnviroDIY_Mayfly_Batt,AtlasSci_DO,AtlasSci_FloatCond
e98f7869-2214-43f7-bae0-6317344d9a0d,botanical_garden,2026-01-05 08:00:00,209.0,246.2,11.8,4.078,,
c3b4b835-e9fc-4d8b-88ad-2339f07bf023,botanical_garden,2026-01-05 08:15:00,211.0,243.2,11.7,4.078,,
4fa0f920-f0ba-49ce-8980-d88ffb3a525a,botanical_garden,2026-01-05 08:30:00,212.2,242.7,11.7,4.078,,
6fe2c514-8559-40c5-9436-9966c9e12bb2,botanical_garden,2026-01-05 08:45:00,214.2,242.2,11.7,4.078,,
974220fb-b4ea-4acb-a4e8-a8b1ab02290b,botanical_garden,2026-01-05 09:15:00,214.2,239.2,11.7,4.078,,
5c17f581-07a9-45d4-bf80-36543ede4202,botanical_garden,2026-01-05 09:30:00,216.5,239.2,11.7,4.078,,
3e045d65-8cf3-4771-97d8-33efadc18f4b,botanical_garden,2026-01-05 09:45:00,218.0,237.0,11.7,4.078,,
18203cb3-da4e-4681-b54e-e65e202472c8,botanical_garden,2026-01-05 10:00:00,217.5,237.7,11.7,4.078,,
196201f5-4363-418c-8dd2-ec5dfcc060d3,botanical_garden,2026-01-05 10:15:00,222.8,237.2,11.7,4.078,,
fb556dc1-0c6b-4427-9832-bf574392943b,botanical_garden,2026-01-05 10:30:00,219.2,236.7,11.62,4.078,,
49de5460-9b2f-40fc-943c-44b7c973c711,botanical_garden,2026-01-05 10:45:00,222.2,235.7,11.6,4.078,,
1dc07a36-8e27-4c87-998b-47a5ecddd30b,botanical_garden,2026-01-05 11:00:00,222.3,233.8,11.6,4.078,,
c419a6d5-dbc4-45bc-8ad8-3374b66f517f,botanical_garden,2026-01-05 11:15:00,223.0,233.2,11.6,4.078,,
4d8e7d33-163f-41a6-b70d-9434c8d9b233,botanical_garden,2026-01-05 11:30:00,224.8,232.2,11.6,4.078,,
232ec600-95a1-4d83-8b0d-25ed6986a609,botanical_garden,2026-01-05 11:45:00,224.7,231.5,11.6,4.078,,
623ea3b3-300b-43ff-8e1d-1c212cdc10a5,botanical_garden,2026-01-05 12:15:00,226.3,230.7,11.6,4.063,,
8ff3ab82-ee20-46d0-af3b-328007ec0386,botanical_garden,2026-01-05 12:30:00,227.7,228.5,11.6,4.078,,
d1eeb492-8475-4585-9817-620c733c7892,botanical_garden,2026-01-05 12:45:00,227.3,230.7,11.6,4.078,,
307d364f-370e-412e-81ac-8225f5c0032f,botanical_garden,2026-01-05 13:00:00,228.8,229.3,11.6,4.063,,
8adbc4fd-c71b-4969-a412-9a4db204bed6,botanical_garden,2026-01-05 13:15:00,229.7,229.8,11.6,4.078,,
fcdc92bf-b9f6-4e71-920b-e35ecbb80850,botanical_garden,2026-01-05 13:30:00,230.5,227.2,11.6,4.063,,
a6ee86db-0f0c-4750-b76b-b24dc23e8c53,botanical_garden,2026-01-05 13:45:00,232.0,226.5,11.6,4.078,,
8ae65d83-1750-4c19-88c6-284a9cba307e,botanical_garden,2026-01-05 14:00:00,230.5,226.5,11.6,4.078,,
121d6585-c020-44b0-9852-17307a10b67b,botanical_garden,2026-01-05 14:15:00,231.3,226.5,11.6,4.078,,
7cf4f0b9-7592-4bf0-843d-515237dbbe7d,botanical_garden,2026-01-05 14:30:00,233.8,225.0,11.6,4.063,,
7ecb35aa-125e-4f9d-a8cc-8a68ea723518,botanical_garden,2026-01-05 14:45:00,231.5,224.0,11.6,4.063,,
72aa6350-7bcb-4f76-9c99-a6a1a12035d8,botanical_garden,2026-01-05 15:00:00,233.7,223.2,11.6,4.063,,
146ebf9a-90b8-4d46-94ad-98bc4135d688,botanical_garden,2026-01-05 15:15:00,235.0,222.5,11.6,4.063,,
69617b66-aea2-426c-9ef5-755f4afce2eb,botanical_garden,2026-01-05 15:30:00,233.3,222.7,11.6,4.063,,
300073d9-c765-4751-8655-6c3c99bff95a,botanical_garden,2026-01-05 15:45:00,235.2,222.0,11.6,4.063,,
8c0ca1d1-ec76-455e-9cfb-64e33cc67f58,botanical_garden,2026-01-05 16:15:00,237.5,220.3,11.6,4.2,,
b154028d-46a5-4ea2-a5cb-4705c8341d3f,botanical_garden,2026-01-05 16:30:00,239.7,219.7,11.6,4.2,,
03688469-db4c-4174-9cf1-98a2af3a41f9,botanical_garden,2026-01-05 16:45:00,238.3,219.2,11.6,4.245,,
19e670dc-2663-4c66-b509-5ffe227129bb,botanical_garden,2026-01-05 17:15:00,241.7,218.3,11.6,4.23,,
209389cb-deac-434c-b3da-653355cfcd26,botanical_garden,2026-01-05 17:30:00,244.2,217.5,11.7,4.23,,
7d0abe50-0e3b-43f4-a39d-7c8c67494300,botanical_garden,2026-01-05 17:45:00,242.5,216.5,11.7,4.245,,
f6461080-983f-4b2d-b16a-594fc64daaee,botanical_garden,2026-01-05 18:15:00,249.2,215.2,11.7,4.23,,
28536aba-ad1e-4dc0-97e8-e594a1c48ade,botanical_garden,2026-01-05 18:45:00,251.3,215.7,11.7,4.23,,
5e4b75b8-b102-455d-a75e-770e67ba06ef,botanical_garden,2026-01-05 19:00:00,250.3,214.5,11.7,4.23,,
6e8dc3fe-d841-4096-8a46-2998864cabe2,botanical_garden,2026-01-05 19:15:00,250.7,214.0,11.7,4.245,,
0fcc279e-57ba-4153-896c-88841f056ad8,botanical_garden,2026-01-05 20:00:00,258.3,211.3,11.9,4.245,,
c8b79446-76f1-4376-8ee8-0e4abf3a7b6c,botanical_garden,2026-01-05 20:15:00,259.3,212.3,11.9,4.245,,
175e5614-776d-4a78-9873-2e59d3e277ab,botanical_garden,2026-01-05 21:15:00,251.3,212.7,11.82,4.215,,
ef5858fe-7d90-4897-97b4-e7909adf4e0c,botanical_garden,2026-01-05 21:30:00,253.7,211.7,11.8,4.215,,
42980440-fad9-40e8-8b72-0dd9bf6580a4,botanical_garden,2026-01-05 21:45:00,257.7,212.7,11.8,4.215,,
112f2785-4e2e-407b-b3b3-90df3271fb7d,botanical_garden,2026-01-05 22:00:00,255.7,214.0,11.8,4.215,,
533d7aa7-e5c7-4129-b801-e8f6926fce3b,botanical_garden,2026-01-05 22:15:00,251.0,215.8,11.8,4.215,,
55a20905-a17e-4b2d-971b-6f581bbc7e7b,botanical_garden,2026-01-05 22:30:00,243.7,216.3,11.8,4.094,,
ce62b9c5-c7d3-4c42-8fc7-1348cd359686,botanical_garden,2026-01-05 23:15:00,227.8,225.2,11.8,4.078,,
980a0f6c-71fa-45eb-b303-4fc8de960e2b,botanical_garden,2026-01-05 23:30:00,224.5,228.8,11.8,4.078,,
97a8cb31-7b6c-48db-a0bb-a42514f4ebb6,botanical_garden,2026-01-06 00:00:00,200.7,248.8,11.7,4.078,,
a01029c9-d367-40b7-9c89-036754b7c353,botanical_garden,2026-01-06 00:30:00,189.7,268.8,11.7,4.078,,
f7b58c61-6428-4e6f-8910-d97002afac6c,botanical_garden,2026-01-06 01:00:00,165.3,294.2,11.7,4.078,,
0dd3461e-fd51-4c57-875e-b97ef7c8afa2,botanical_garden,2026-01-06 02:15:00,150.5,330.3,11.8,4.078,,
295f57d9-7af9-49d4-9918-5d664cabb652,botanical_garden,2026-01-06 02:30:00,152.0,326.5,11.8,4.078,,
ba217377-e39a-4af4-8220-5cdd8ab97b94,botanical_garden,2026-01-06 02:45:00,152.7,322.3,11.8,4.078,,
73447f5d-71f0-470e-80d4-2daaa30a2af9,botanical_garden,2026-01-06 03:00:00,154.5,318.3,11.8,4.078,,
71aa7064-7796-4ad1-bf97-094d884a387a,botanical_garden,2026-01-06 03:15:00,158.0,311.3,11.8,4.078,,
4db1b6e6-e73a-43c9-a1db-8fe0b24a9660,botanical_garden,2026-01-06 03:30:00,158.3,307.2,11.8,4.063,,
223678e7-3cfd-4b41-8da4-0917bf826ee2,botanical_garden,2026-01-06 03:45:00,164.8,298.8,11.8,4.078,,
8ac15abf-1496-40fd-ad66-6609cd028438,botanical_garden,2026-01-06 04:30:00,172.0,289.7,11.8,4.078,,
409d3b6d-4d3b-46c9-ba9a-21be54c7ab00,botanical_garden,2026-01-06 04:45:00,174.8,285.8,11.8,4.078,,
b0959908-f676-41e9-87b9-cf9a2a816332,botanical_garden,2026-01-06 05:00:00,179.8,284.2,11.8,4.063,,
2b75f926-0c39-4d3b-8417-d8e7065751c0,botanical_garden,2026-01-06 05:15:00,177.0,281.3,11.8,4.078,,
e0d922e2-2e9c-4579-be60-fe0be2262de6,botanical_garden,2026-01-06 05:30:00,176.7,280.2,11.8,4.078,,
dc790df1-99a8-4712-82f8-bb09af71b3eb,botanical_garden,2026-01-06 05:45:00,178.7,280.7,11.8,4.078,,
8ea6cf69-ff2c-471b-afad-d1692752709b,botanical_garden,2026-01-06 06:00:00,178.2,279.0,11.8,4.078,,
a00b3011-2ea4-4b26-b468-84fbd9d3c032,botanical_garden,2026-01-06 06:15:00,168.8,278.8,11.8,4.063,,
b3e98d5c-38f9-4de4-97fe-42f904e5bfe8,botanical_garden,2026-01-06 06:30:00,177.3,280.2,11.8,4.063,,
b5514b4a-81ae-4b41-b108-370350160b27,botanical_garden,2026-01-06 06:45:00,172.5,277.0,11.8,4.078,,
6494b958-d56e-477e-b4d0-4dfcb70a77da,botanical_garden,2026-01-06 07:00:00,177.8,275.3,11.8,4.063,,
2ff0c2fe-5ede-4a15-8a58-b8a9d2ed5fd2,botanical_garden,2026-01-06 07:15:00,179.3,273.0,11.8,4.063,,
f2c8333a-3bf8-495c-8b5f-687c8ebf97ff,botanical_garden,2026-01-06 07:30:00,180.0,271.8,11.8,4.063,,
fbd25014-aa85-43ed-9c47-05795b14c85c,botanical_garden,2026-01-06 07:45:00,183.5,269.0,11.8,4.063,,
8f7b68af-2f4b-4216-b548-162b47f0bfd8,botanical_garden,2026-01-06 08:00:00,184.2,266.2,11.8,4.063,,
68479924-00ef-4e2f-a09f-f0f76a0917a0,botanical_garden,2026-01-06 08:15:00,186.0,265.2,11.8,4.063,,
cc4503f1-2a51-4612-8e2d-30d41e54c41f,botanical_garden,2026-01-06 08:30:00,187.8,263.2,11.8,4.063,,
0dc53612-73f7-4556-9d2a-9186cca2e1ea,botanical_garden,2026-01-06 08:45:00,187.5,262.3,11.8,4.063,,
3a946558-0645-41b4-acde-5ac4047f0001,botanical_garden,2026-01-06 09:00:00,189.8,260.2,11.8,4.063,,
a9f264bc-fc52-40d5-8817-428d74944cf1,botanical_garden,2026-01-06 10:15:00,192.7,253.8,11.7,4.063,,
84c0f656-2f1d-4ca2-93e4-9da86c080bc7,botanical_garden,2026-01-06 10:30:00,191.5,251.8,11.72,4.063,,
3d935db6-d3f3-485a-ae30-bd517d73b0f3,botanical_garden,2026-01-06 11:15:00,202.5,248.7,11.8,4.063,,
cc36deef-f1ef-4cd3-a708-41ccf4032b96,botanical_garden,2026-01-06 11:30:00,207.5,247.2,11.8,4.063,,
6abe3a06-0c94-4c53-857f-3b3bf5f5b672,botanical_garden,2026-01-06 12:00:00,210.0,245.3,11.8,4.063,,
e9ca3f35-91a0-42da-84ec-c64e04ff39a1,botanical_garden,2026-01-06 12:15:00,209.5,244.5,11.8,4.048,,
500ccfcb-edec-43b6-9efc-4cbc72a24ae4,botanical_garden,2026-01-06 12:30:00,211.8,243.2,11.8,4.063,,
797160df-d9c0-45d2-8d82-ed637c7888d1,botanical_garden,2026-01-06 12:45:00,213.0,241.3,11.8,4.063,,
f9626f95-b011-40e7-80b7-daf2a1f137b7,botanical_garden,2026-01-06 13:00:00,213.7,241.2,11.8,4.063,,
0735bee9-59d8-4855-9ca0-bacd1f1904b4,botanical_garden,2026-01-06 13:15:00,217.7,240.8,11.8,4.063,,
e689d382-79e3-44d7-bdd3-c06eb7bb5909,botanical_garden,2026-01-06 13:30:00,221.0,239.5,11.8,4.063,,
157e6bb7-eb3a-4d84-86ff-8ebf19b288ef,botanical_garden,2026-01-06 13:45:00,217.3,238.8,11.7,4.063,,
0026ac99-52eb-4d4b-afdb-4fa352710b07,botanical_garden,2026-01-06 14:00:00,218.3,238.3,11.7,4.063,,
9392b644-19df-4543-b4e2-43b894cf1db2,botanical_garden,2026-01-06 14:15:00,222.5,236.8,11.7,4.063,,
12eab6f0-ed76-4d8c-a6ef-6a47601f7efe,botanical_garden,2026-01-06 14:30:00,220.2,236.3,11.67,4.063,,
ca299df3-355f-48cc-9859-f86649617c60,botanical_garden,2026-01-06 14:45:00,223.0,235.2,11.6,4.063,,
a6d063d0-5e95-4a46-bfc2-a6148167eef9,botanical_garden,2026-01-06 15:00:00,223.8,234.7,11.6,4.048,,
64b68d69-8de9-4ce7-b737-ee99a39e84bd,botanical_garden,2026-01-06 15:15:00,227.0,234.7,11.6,4.048,,
658b95b5-c44b-4327-b6fe-5b2533461a63,botanical_garden,2026-01-06 15:30:00,229.2,233.5,11.6,4.063,,
511f72da-44cc-401d-a48a-0e44aef66e17,botanical_garden,2026-01-06 15:45:00,231.8,231.8,11.5,4.063,,
2d315efd-ca92-468e-857e-63b419562961,botanical_garden,2026-01-06 16:00:00,230.2,231.5,11.6,4.2,,
ec00d290-8797-403d-b4e6-aaf7b6997b0f,botanical_garden,2026-01-06 16:15:00,230.7,230.5,11.6,4.2,,
34810745-241d-4066-90cd-238819aec4cc,botanical_garden,2026-01-06 16:30:00,232.8,229.8,11.6,4.23,,
200768f8-0a55-4a74-ac2e-cbaef7796e15,botanical_garden,2026-01-06 16:45:00,234.8,229.8,11.6,4.2,,
d17e1839-ea34-4987-abf4-a505025920df,botanical_garden,2026-01-06 17:15:00,235.8,228.8,11.6,4.2,,
467ccc5c-2df5-43b8-ac6d-7488d939d5eb,botanical_garden,2026-01-06 17:30:00,238.3,227.5,11.6,4.23,,
5a1d21ce-87ff-4d0e-9d0d-86e0cff4ceb5,botanical_garden,2026-01-06 17:45:00,238.5,227.3,11.7,4.23,,
6461d1ed-4cb8-4cc1-b85b-497f00609243,botanical_garden,2026-01-06 18:00:00,240.0,225.5,11.7,4.245,,
24019c6b-264f-4a11-b4d4-448695340468,botanical_garden,2026-01-06 18:15:00,238.0,225.3,11.8,4.245,,
a61f3ebe-f66d-47bc-bc0c-eac5e2554f08,botanical_garden,2026-01-06 18:30:00,241.5,225.0,11.9,4.23,,
1428ab1f-7402-4e1c-b08e-98c5f29cfe32,botanical_garden,2026-01-06 19:00:00,245.7,223.3,12.0,4.245,,
16d4b0da-34e8-4e70-beaa-5e7c0bb459ec,botanical_garden,2026-01-06 19:15:00,242.3,223.8,12.1,4.245,,
a54cc36d-0c51-4d84-b68a-7dc6bca06991,botanical_garden,2026-01-06 19:30:00,246.8,223.3,12.1,4.23,,
e89b197d-3c66-4d99-820b-170a7cc2624d,botanical_garden,2026-01-06 19:45:00,246.5,222.7,12.1,4.23,,
3a14add4-cc89-42fb-8ba2-ffee22fe0edb,botanical_garden,2026-01-06 20:00:00,248.8,222.3,12.2,4.23,,
5581d20b-2bd2-46c3-b2eb-76c6363e3f15,botanical_garden,2026-01-06 20:15:00,247.3,221.5,12.2,4.23,,
8ed23ef4-71aa-4d09-b4aa-55e0ba5c92b4,botanical_garden,2026-01-06 20:30:00,248.3,221.0,12.2,4.321,,
2643e2e9-c3aa-4f76-8666-a9a1019cf229,botanical_garden,2026-01-06 20:45:00,250.2,221.5,12.2,4.321,,
404c8864-ce2a-4f5a-827e-ca989aa2eb6d,botanical_garden,2026-01-06 21:00:00,251.7,220.3,12.3,4.321,,
d04bc19a-0bc4-4924-af80-55c919f18c3d,botanical_garden,2026-01-06 21:15:00,254.2,220.2,12.3,4.321,,
3eeb4914-19ec-4322-8669-af25747f22be,botanical_garden,2026-01-06 21:30:00,254.5,218.8,12.3,4.336,,
475184a6-8729-4cd1-abd6-dbd3f63d19e1,botanical_garden,2026-01-06 21:45:00,255.0,218.7,12.4,4.336,,
f66c59a5-7490-4fb0-8bde-9752eaa52303,botanical_garden,2026-01-06 22:00:00,249.5,218.7,12.4,4.336,,
c271638d-673e-4373-8e4d-f4b1bcb6181d,botanical_garden,2026-01-06 22:15:00,253.2,217.8,12.4,4.336,,
d2db7a5a-4baf-4db7-8146-4271ab77b7fe,botanical_garden,2026-01-06 22:30:00,251.8,216.8,12.4,4.336,,
bf25d751-314c-474d-ad35-7a6cff9514ae,botanical_garden,2026-01-06 22:45:00,253.0,215.5,12.4,4.336,,
78fab73b-6a66-4edf-aa51-1c435315177c,botanical_garden,2026-01-06 23:00:00,255.7,215.2,12.4,4.336,,
1c627cfc-86fc-4041-84cf-2487c5586e00,botanical_garden,2026-01-06 23:15:00,257.0,214.7,12.3,4.336,,
e5727cd9-f80a-4c09-8f00-8af0c9061bee,botanical_garden,2026-01-06 23:30:00,258.3,214.0,12.3,4.336,,
e6a9c8a0-52b7-4ef0-ac44-029ae6e28b50,botanical_garden,2026-01-07 00:15:00,265.5,213.0,12.2,4.215,,
5ff3547a-8118-4377-88bc-a0bf638e40ca,botanical_garden,2026-01-07 00:45:00,268.8,212.8,12.2,4.124,,
028d9a3b-70ca-44d1-9391-128ef77c0490,botanical_garden,2026-01-07 01:00:00,269.8,211.8,12.1,4.124,,
d38401c0-5b1a-4f87-8478-a5de080dc0ae,botanical_garden,2026-01-07 01:45:00,272.8,211.3,12.0,4.124,,
22bc2fa2-bed5-44a8-9209-a9a6953d9e7a,botanical_garden,2026-01-07 02:00:00,272.0,211.8,11.9,4.124,,
337d0334-6cfc-4f6e-bfdb-42e23ea95f98,botanical_garden,2026-01-07 02:15:00,268.8,209.8,11.9,4.124,,
b7190a13-39f8-4f61-880e-3b94d7f8180b,botanical_garden,2026-01-07 02:30:00,270.3,209.8,11.9,4.124,,
2c89c481-c69f-4c24-9091-59f03f5e5a50,botanical_garden,2026-01-07 03:00:00,271.2,210.3,11.8,4.124,,
5885853d-02c4-4eef-89fb-85477e8505bb,botanical_garden,2026-01-07 03:30:00,278.5,208.8,11.8,4.124,,
394c6ccf-2b43-4557-8f31-b39e081aa288,botanical_garden,2026-01-07 03:45:00,277.0,208.7,11.7,4.124,,
fd687b2b-17b7-48ea-aabf-55fafa8b33da,botanical_garden,2026-01-07 04:00:00,280.2,207.5,11.7,4.124,,
c52b4f96-b58e-4bdc-80bc-02e82e2bd9ca,botanical_garden,2026-01-07 04:15:00,277.8,206.8,11.7,4.124,,
1765e104-b7dc-44c5-b3a7-6b5b64b0d450,botanical_garden,2026-01-07 04:30:00,281.3,206.8,11.6,4.124,,
696ea79d-6cc8-4e3c-9270-3138ace037ee,botanical_garden,2026-01-07 04:45:00,278.0,206.2,11.6,4.124,,
f7ca97d9-7897-42fa-990f-aa507edf7098,botanical_garden,2026-01-07 05:00:00,278.5,206.8,11.6,4.124,,
06551bb1-4183-4938-b883-74fe33b2f87a,botanical_garden,2026-01-07 05:15:00,275.7,205.3,11.5,4.124,,
092d3fb7-53a8-408c-861a-f6366dfc4343,botanical_garden,2026-01-07 05:30:00,277.2,204.3,11.5,4.109,,
86d5cef8-e9ea-42b9-b44b-85a2f72a2d19,botanical_garden,2026-01-07 05:45:00,280.2,204.7,11.5,4.124,,
133912f6-f9e7-4fcc-80a2-2d1cc5a605d2,botanical_garden,2026-01-07 06:15:00,278.2,204.3,11.4,4.124,,
fc1e33de-62e7-40f3-b08c-651b14f72681,botanical_garden,2026-01-07 06:30:00,281.2,203.3,11.4,4.109,,
7360649f-9f5d-42d8-94ee-f834bf3d8383,botanical_garden,2026-01-07 06:45:00,284.5,203.8,11.4,4.109,,
a0924b89-e170-4b56-86f6-b7168d8953b5,botanical_garden,2026-01-07 07:00:00,285.0,202.3,11.4,4.109,,
993f6e36-ee61-4348-9ae4-8d6e79bb1634,botanical_garden,2026-01-07 07:15:00,287.2,201.8,11.4,4.109,,
4c63fb5a-0270-44f8-a2e6-729ced612540,botanical_garden,2026-01-07 07:30:00,286.3,201.7,11.38,4.109,,
4dab6cd0-b896-4220-aad5-5b3047c4d3b1,botanical_garden,2026-01-07 07:45:00,287.7,202.5,11.3,4.109,,
617b8612-c9e3-4084-92d8-5e3dc843bf88,botanical_garden,2026-01-07 08:00:00,290.5,201.5,11.3,4.109,,
6774bfb0-3a8a-4f27-afdc-c419ca00dcb9,botanical_garden,2026-01-07 08:15:00,290.7,200.7,11.3,4.109,,
aa462cb6-ead8-4c18-a872-fc07bb7da0c6,botanical_garden,2026-01-07 08:30:00,290.2,201.7,11.3,4.109,,
1dc55d88-a071-4a84-9b09-7926ccc9c021,botanical_garden,2026-01-07 08:45:00,290.5,199.8,11.3,4.109,,
75410872-b2e7-4f6f-bab6-9029aadc1118,botanical_garden,2026-01-07 09:00:00,288.2,200.7,11.32,4.109,,
04d103c6-b774-4416-9887-ff0221805147,botanical_garden,2026-01-07 09:15:00,291.5,199.0,11.4,4.109,,
6a29e5ea-af0f-47ec-abec-8295c61a1c61,botanical_garden,2026-01-07 09:30:00,293.8,199.2,11.4,4.109,,
c5882759-3ae3-44a6-aa0c-c2ff1b972cc9,botanical_garden,2026-01-07 10:00:00,293.7,199.5,11.4,4.109,,
88fa086c-b2c7-4e41-9895-eb66f97f3890,botanical_garden,2026-01-07 10:15:00,295.2,203.5,11.47,4.109,,
b6cfcefd-c2fc-4650-88ae-bea4bc075c71,botanical_garden,2026-01-07 10:30:00,293.8,198.8,11.5,4.109,,
10048146-ce53-403d-a68b-d7ea309cb47a,botanical_garden,2026-01-07 11:00:00,297.8,198.7,11.5,4.109,,
caf7686e-f142-48c7-9362-11f1045548e6,botanical_garden,2026-01-07 11:15:00,298.8,197.5,11.5,4.109,,
debe8561-24cc-4866-8dfa-79b299002c4f,botanical_garden,2026-01-07 11:30:00,300.5,197.2,11.4,4.109,,
5a41f65b-08db-4f6a-97da-4816b65bcbe6,botanical_garden,2026-01-07 12:00:00,303.2,195.5,11.3,4.109,,
6467133d-02be-47ed-9233-e8c697f46975,botanical_garden,2026-01-07 12:15:00,305.0,196.0,11.3,4.109,,
8795a641-fa8c-4d93-9173-928c470b8361,botanical_garden,2026-01-07 12:30:00,306.5,195.2,11.3,4.109,,
ad2d7bef-92a1-40d7-b72a-659e61393920,botanical_garden,2026-01-07 12:45:00,307.5,195.7,11.3,4.109,,
1213670c-5e57-462d-b091-7457c0db6545,botanical_garden,2026-01-07 13:00:00,307.8,195.5,11.4,4.109,,
64776e22-14ce-42f0-97f2-6ea7fee72f96,botanical_garden,2026-01-07 13:15:00,308.8,195.7,11.4,4.109,,
5ad13371-2f72-4fea-a5e0-3ce1cc2da0ba,botanical_garden,2026-01-07 13:30:00,310.5,194.8,11.4,4.109,,
b85a1b06-cb66-48a8-aa1e-6b5ffc50ba99,botanical_garden,2026-01-07 13:45:00,311.8,195.0,11.4,4.109,,
1a24a662-2e48-4681-9b10-294ba18ceb0b,botanical_garden,2026-01-07 14:00:00,312.7,194.8,11.5,4.094,,
7696d86e-a78b-46a6-9928-6dba63681c44,botanical_garden,2026-01-07 14:15:00,313.7,194.3,11.5,4.109,,
a392b067-f2f1-4449-ac20-7117dfec5d76,botanical_garden,2026-01-07 14:30:00,309.2,193.8,11.4,4.109,,
088c5286-3e50-478b-85b5-22bb8cf7f184,botanical_garden,2026-01-07 14:45:00,310.5,194.0,11.4,4.109,,
dc2d8de4-5fba-4bd3-a8f7-8158ed1fce52,botanical_garden,2026-01-07 15:00:00,308.2,193.5,11.4,4.109,,
d9742775-a876-4dc0-bbf5-31f09be640f1,botanical_garden,2026-01-07 15:15:00,309.3,192.7,11.3,4.109,,
04dd04c2-f6b5-4697-950b-b0dd08419e1a,botanical_garden,2026-01-07 15:45:00,306.3,193.5,11.2,4.109,,
515ca12e-1c55-4821-b0be-ec88478ad331,botanical_garden,2026-01-07 16:00:00,306.2,192.3,11.2,4.109,,
7891a2aa-ca54-4c6c-b264-032ddafee803,botanical_garden,2026-01-07 16:30:00,309.2,191.5,11.2,4.23,,
281fc456-b928-49ca-8e5c-dd4cd4cf3c12,botanical_garden,2026-01-07 16:45:00,310.8,190.3,11.3,4.23,,
ef26ab70-862a-47a3-9e0d-594672b8a5c9,botanical_garden,2026-01-07 17:00:00,311.8,191.7,11.3,4.215,,
7828a1e7-a68f-47ef-b6ff-f7a24859595e,botanical_garden,2026-01-07 17:15:00,312.7,191.3,11.4,4.215,,
073f0467-eeb9-4575-9420-d423f79d405d,botanical_garden,2026-01-07 17:30:00,314.3,190.7,11.4,4.23,,
182f853e-b2e7-471a-8c47-c318f705ac52,botanical_garden,2026-01-07 17:45:00,315.7,190.2,11.4,4.23,,
478813bf-2991-448e-be6d-a2b965ac8396,botanical_garden,2026-01-07 18:00:00,317.3,189.0,11.4,4.245,,
cf86df9e-05c3-4e43-a92b-ca7492e9c27b,botanical_garden,2026-01-07 18:15:00,318.7,189.3,11.5,4.245,,
8ebdcb76-0ddb-4212-a94f-e0ceb505d879,botanical_garden,2026-01-07 18:30:00,320.2,190.2,11.5,4.23,,
60251588-e364-48c7-8b1e-10443e67144e,botanical_garden,2026-01-07 19:00:00,321.0,189.8,11.5,4.23,,
d6301020-3cc0-4486-a703-fd9bd889ad6e,botanical_garden,2026-01-07 20:15:00,324.7,187.3,11.7,4.245,,
cd6975f1-8398-45fc-9a5e-0865b473e1ab,botanical_garden,2026-01-07 20:30:00,326.0,188.2,11.8,4.321,,
579d1d44-7344-4249-b979-07a881d062bc,botanical_garden,2026-01-07 21:45:00,331.5,186.2,12.1,4.336,,
5b51fe53-4305-4bdf-a284-cce979cc848f,botanical_garden,2026-01-07 22:00:00,333.0,186.0,12.18,4.321,,
e2e7dcbe-f136-47e7-bafc-e1352c903b5c,botanical_garden,2026-01-07 23:00:00,339.3,185.8,12.3,4.336,,
183ce825-d1b3-4afa-a6ac-ea79e461b7bf,botanical_garden,2026-01-07 23:15:00,340.2,184.7,12.3,4.336,,
030679a5-aa4c-487e-9e0a-85793e2a30ee,botanical_garden,2026-01-07 23:30:00,341.0,184.5,12.3,4.321,,
78046559-dee2-458d-86ac-5ee25583b7e7,botanical_garden,2026-01-07 23:45:00,341.7,186.0,12.32,4.336,,
1c6ac3a4-4a13-4615-bfc1-701be08ddc17,botanical_garden,2026-01-08 00:00:00,342.3,185.0,12.3,4.321,,
71cfc9bf-6929-4be7-947c-fc9bc2e44562,botanical_garden,2026-01-08 00:15:00,343.7,184.3,12.2,4.215,,
1409788a-3e56-476d-b472-bc99a18652f3,botanical_garden,2026-01-08 00:45:00,344.3,184.8,12.0,4.124,,
060afa48-81aa-41c7-8930-255f18e99276,botanical_garden,2026-01-08 01:00:00,345.5,184.5,11.9,4.124,,
6fa68b41-c794-4e9d-b941-d3914e4b3094,botanical_garden,2026-01-08 01:15:00,347.0,183.5,11.7,4.124,,
b3ee1774-f886-4610-87bf-3a6ecf704a33,botanical_garden,2026-01-08 01:30:00,346.0,183.5,11.6,4.124,,
1677d3c4-7a5f-4851-88d2-d487867718e3,botanical_garden,2026-01-08 02:00:00,347.5,182.8,11.5,4.124,,
d963d0b5-c81f-4b5a-9a08-f9e4aa289c74,botanical_garden,2026-01-08 02:15:00,348.8,183.3,11.4,4.124,,
212e6fd0-22ad-446e-ae39-a49a04e1b16f,botanical_garden,2026-01-08 02:45:00,349.7,183.5,11.3,4.124,,
c4037332-7c33-4c74-99ea-4e5411a73f85,botanical_garden,2026-01-08 03:00:00,348.8,182.5,11.2,4.109,,
d2c8f295-82f2-4fbd-9128-a96f530f422d,botanical_garden,2026-01-08 03:15:00,347.5,183.2,11.2,4.124,,
694b0ef9-0097-4c3d-acd3-6b0b7e357bf8,botanical_garden,2026-01-08 04:30:00,352.8,181.3,11.0,4.109,,
fbf238a9-969e-4314-8657-8226c5d97296,botanical_garden,2026-01-08 05:00:00,354.7,180.5,10.9,4.109,,
615ddbdb-295f-45bf-a97c-b7d31b4b39f1,botanical_garden,2026-01-08 05:30:00,357.0,180.3,10.9,4.109,,
a2635556-ba7e-46a2-a300-3bcd573a2fa6,botanical_garden,2026-01-08 06:00:00,358.3,180.8,11.0,4.109,,
16bff6c1-f39b-47b5-9a76-1c775d892766,botanical_garden,2026-01-08 06:15:00,359.2,180.2,11.0,4.109,,
be707e61-912f-4d80-8165-7ac3d386ff4b,botanical_garden,2026-01-08 06:45:00,361.0,180.2,11.03,4.094,,
79cffc9e-8679-4926-b23a-eb1179c072d3,botanical_garden,2026-01-08 07:00:00,361.2,179.5,11.1,4.094,,
55d9667f-fcb3-4fd1-b51e-3bcfcd5ad27b,botanical_garden,2026-01-08 07:15:00,359.8,180.5,11.1,4.109,,
a2820967-5a3a-4609-921d-9c367e15caa3,botanical_garden,2026-01-08 07:30:00,351.8,183.3,11.1,4.094,,
0828508b-9fee-4b33-9764-9432f3c6d811,botanical_garden,2026-01-08 07:45:00,347.3,179.5,11.1,4.109,,
6576af98-1e3c-4d1b-8ecd-28c73311dfd6,botanical_garden,2026-01-08 08:00:00,350.8,179.8,11.0,4.109,,
c9766d5e-e6a6-4ae0-afaf-a027ff38acde,botanical_garden,2026-01-08 08:15:00,353.7,179.5,11.0,4.094,,
d3e088b8-fd8f-456f-a70c-c6806102fdd6,botanical_garden,2026-01-08 08:30:00,354.0,178.3,11.0,4.094,,
4bfdaf05-631e-4091-b469-f3fd6dc0fc8d,botanical_garden,2026-01-08 08:45:00,354.2,178.8,10.9,4.094,,
5c7537ea-295b-4225-b0c3-3ceab4577e1e,botanical_garden,2026-01-08 09:00:00,354.5,180.0,10.9,4.094,,
3e6b6d88-3790-4b1d-8208-589eb0ffaace,botanical_garden,2026-01-08 09:15:00,355.7,179.2,10.9,4.094,,
0eb5f9f1-a966-4e3b-94b1-8d26aa971bac,botanical_garden,2026-01-08 09:45:00,358.3,178.3,10.75,4.094,,
08fc2d88-5719-4b35-9ae8-cce4ed109f3c,botanical_garden,2026-01-08 10:00:00,359.2,178.8,10.7,4.094,,
00158fdf-7077-49c8-a71f-90d0f20de9b1,botanical_garden,2026-01-08 10:15:00,360.5,178.3,10.6,4.094,,
6074f605-05e2-44dc-8f77-cebb34ff070b,botanical_garden,2026-01-08 10:30:00,361.7,177.3,10.5,4.094,,
7e131ee4-839c-4980-a5f2-7bce333d7b95,botanical_garden,2026-01-08 10:45:00,362.7,177.2,10.43,4.094,,
7a81aacb-fa5e-4357-90f6-329569117ec7,botanical_garden,2026-01-08 11:00:00,364.2,177.0,10.4,4.094,,
86aa9cdb-b577-41db-8948-499b4580c3bc,botanical_garden,2026-01-08 11:15:00,364.3,177.2,10.3,4.094,,
be4a7fc7-794b-49ce-91e7-f1e596d6e851,botanical_garden,2026-01-08 11:30:00,364.7,176.5,10.3,4.094,,
1e840f10-35e1-4a54-bce0-76a9fa93e9ac,botanical_garden,2026-01-08 12:00:00,367.0,176.5,10.2,4.094,,
92c09dbd-2712-490d-962c-715934eaaf55,botanical_garden,2026-01-08 12:15:00,368.2,176.0,10.1,4.094,,
863a470e-da3b-423e-a628-50c1ddf4e5a0,botanical_garden,2026-01-08 12:30:00,368.7,176.0,10.1,4.094,,
13ad8b4f-866b-468d-bbbc-078f75f50064,botanical_garden,2026-01-08 12:45:00,370.0,174.8,10.0,4.094,,
bba0a19c-026b-424b-97b6-015c672cacd8,botanical_garden,2026-01-08 13:00:00,371.0,174.7,10.0,4.094,,
85d075b7-f941-46be-bd8a-7f975d02b0f4,botanical_garden,2026-01-08 13:15:00,372.0,175.0,9.9,4.094,,
7a343ba7-2815-415f-ad68-a08de50d999b,botanical_garden,2026-01-08 13:30:00,373.3,174.0,9.9,4.094,,
da578a69-8a3d-4d4b-9d50-9836b6fef611,botanical_garden,2026-01-08 13:45:00,373.7,174.5,9.8,4.094,,
4d021621-bdcc-4d24-85a1-f62746b31943,botanical_garden,2026-01-08 14:00:00,374.3,173.5,9.8,4.094,,
fe9d656a-99ec-4fcb-b231-39c3b5f91192,botanical_garden,2026-01-08 14:15:00,375.0,174.5,9.7,4.094,,
374cf765-f743-4282-918c-03aac6c57259,botanical_garden,2026-01-08 14:30:00,376.2,174.5,9.7,4.094,,
b7414ab1-ac2d-46b2-9382-e06609987664,botanical_garden,2026-01-08 14:45:00,377.2,174.5,9.6,4.094,,
fa9d14b5-6e12-4452-8a70-75d9488540de,botanical_garden,2026-01-08 15:00:00,376.7,174.2,9.6,4.094,,
2f596e2b-cd4d-4cd3-8f8a-9c488954183a,botanical_garden,2026-01-08 15:15:00,378.5,174.7,9.6,4.094,,
5d1b76b8-7d03-425b-8884-b9884fe4f3d9,botanical_garden,2026-01-08 15:30:00,378.3,175.0,9.5,4.094,,
aea19f8b-edc7-4094-8979-3719591b9ca5,botanical_garden,2026-01-08 15:45:00,379.2,173.2,9.5,4.094,,
08c142fa-10b8-4a17-90ce-2f3c465e2e77,botanical_garden,2026-01-08 16:00:00,379.5,173.2,9.5,4.094,,
92a91da7-3153-4e86-bca1-334e19704672,botanical_garden,2026-01-08 16:15:00,380.7,174.0,9.47,4.094,,
5965c7d3-aa3d-4cae-b344-8d7e2dfdb562,botanical_garden,2026-01-08 16:30:00,380.3,173.2,9.4,4.215,,
388a8dc8-95fe-48de-b9d1-aaf79c8ca6f1,botanical_garden,2026-01-08 16:45:00,381.3,173.2,9.4,4.215,,
8d0069b2-2e52-474b-9330-31394401ed46,botanical_garden,2026-01-08 17:00:00,382.2,171.3,9.4,4.169,,
64f61519-cf13-492e-ac1b-e75d73c11fce,botanical_garden,2026-01-08 17:15:00,382.2,172.2,9.4,4.215,,
568c4664-eaf5-4ad0-a856-84554a787a1b,botanical_garden,2026-01-08 17:30:00,382.5,171.2,9.4,4.215,,
d49d6bc6-1c14-42be-81a3-fcb58ca25527,botanical_garden,2026-01-08 17:45:00,384.2,171.7,9.5,4.245,,
046ba249-6310-4f9b-aa91-18f87431eda5,botanical_garden,2026-01-08 18:00:00,384.5,171.0,9.5,4.23,,
7a96c999-d796-4711-ad95-5d9c5983f283,botanical_garden,2026-01-08 18:15:00,385.7,171.0,9.6,4.245,,
95bb272e-0db5-4dd7-b322-e92b570eaa27,botanical_garden,2026-01-08 18:30:00,385.7,171.8,9.6,4.245,,
4bfdfc18-a4e5-4bc4-944c-4ab6de7b305c,botanical_garden,2026-01-08 19:30:00,386.7,172.2,9.9,4.23,,
3da24974-42b1-4f2e-b315-77a2bff414c9,botanical_garden,2026-01-08 19:45:00,386.8,171.8,9.9,4.245,,
5f04a742-4cfa-41b8-8433-6483e2b06f5d,botanical_garden,2026-01-08 20:00:00,387.7,172.5,10.0,4.245,,
0d34bb5c-3599-47b9-bd24-6d7bb8c56494,botanical_garden,2026-01-08 20:15:00,388.7,170.8,10.1,4.23,,
3554c508-3e4b-4402-b902-297fc6c33473,botanical_garden,2026-01-08 20:30:00,388.8,171.3,10.2,4.321,,
1101328e-f2d1-48ae-b484-28f46667d285,botanical_garden,2026-01-08 20:45:00,389.3,171.2,10.2,4.321,,
75b152d2-37e2-4dc9-94a5-76f4aa34bd76,botanical_garden,2026-01-08 21:00:00,389.7,171.7,10.3,4.321,,
c66dc0be-fc76-4b59-ab80-a4cefec5ec76,botanical_garden,2026-01-08 21:30:00,390.2,170.2,10.5,4.336,,
35c12b88-9bf0-4a9c-a179-9224193d972c,botanical_garden,2026-01-08 22:00:00,391.2,169.8,10.6,4.336,,
e21d5754-a7e0-40d7-874b-6235311c52d4,botanical_garden,2026-01-08 22:45:00,389.0,170.3,10.6,4.23,,
0c151fb5-2a64-4b3b-a071-31e686bb62f5,botanical_garden,2026-01-08 23:00:00,388.2,170.7,10.6,4.336,,
211ca89b-26f0-4058-bbbc-a353cfda9b3b,botanical_garden,2026-01-08 23:15:00,388.2,170.5,10.5,4.23,,
80a5792f-b68e-43d0-b9ea-127ec8186710,botanical_garden,2026-01-08 23:45:00,388.2,171.5,10.4,4.245,,
6ce744c2-83fb-4826-9c94-2f6cee4bf8f0,botanical_garden,2026-01-09 00:00:00,389.2,170.2,10.3,4.23,,
1b889291-6643-4f3d-b872-f1308c293734,botanical_garden,2026-01-09 00:15:00,389.2,170.8,10.3,4.215,,
23a7e5b0-3438-40b3-b65d-2b75e5a9ce73,botanical_garden,2026-01-09 00:30:00,388.5,171.2,10.2,4.185,,
4fba2068-934e-4eac-b754-8f98ab55a862,botanical_garden,2026-01-09 01:00:00,388.3,170.3,10.1,4.124,,
3243269e-c87b-48c3-9e9f-3011c35c94e5,botanical_garden,2026-01-09 01:15:00,388.3,169.5,10.0,4.124,,
d75671c5-b247-4931-b9dc-cdeeb942cf25,botanical_garden,2026-01-09 01:30:00,389.2,169.8,10.0,4.139,,
682be2e2-37b9-4089-9f7b-d6630847e558,botanical_garden,2026-01-09 01:45:00,389.5,170.2,9.9,4.124,,
4725d925-cf3f-4b04-b2ad-3c703274a114,botanical_garden,2026-01-09 02:00:00,390.2,170.5,9.8,4.124,,
3db0d685-eb6e-4ee0-8ca2-e468030bfa0b,botanical_garden,2026-01-09 02:15:00,390.2,169.8,9.8,4.124,,
51207926-eab8-4c8b-9810-ccd7e9ca25ee,botanical_garden,2026-01-09 02:30:00,390.7,170.5,9.7,4.124,,
f4ec9e81-2513-43c7-a98c-64c2b1fcfbb9,botanical_garden,2026-01-09 02:45:00,391.0,169.8,9.6,4.124,,
aa85c9c2-1971-4c6a-9b5f-1111387eb0b8,botanical_garden,2026-01-09 03:00:00,391.8,168.7,9.6,4.124,,
90fe85b2-7506-4acf-94ba-a231dcd46c3b,botanical_garden,2026-01-09 03:15:00,392.7,169.5,9.5,4.124,,
c33b765b-b328-482f-bb16-c29d9dd8ea94,botanical_garden,2026-01-09 03:45:00,394.0,169.0,9.5,4.124,,
c49a5753-8121-4c87-9381-431eb0d1d39d,botanical_garden,2026-01-09 04:15:00,394.5,169.2,9.4,4.124,,
78b33d7e-fb0d-4cc0-bd9f-17d1a139bf67,botanical_garden,2026-01-09 04:30:00,394.8,169.7,9.3,4.124,,
02ef9985-78ab-47b6-a74f-d906c88799b5,botanical_garden,2026-01-09 05:00:00,394.8,168.2,9.2,4.124,,
a16ba747-5731-470b-80e1-dc05032b572d,botanical_garden,2026-01-09 05:30:00,391.7,168.2,9.12,4.124,,
7437cd70-d39c-4b92-be71-cbbf57fe281f,botanical_garden,2026-01-09 05:45:00,392.5,167.5,9.1,4.124,,
d3dcaacb-5e9f-4106-8060-7a54badd629f,botanical_garden,2026-01-09 06:00:00,392.7,167.3,9.1,4.109,,
4c9d56cf-dc88-424f-ae84-3288186b7458,botanical_garden,2026-01-09 06:15:00,393.0,168.0,9.0,4.109,,
e1dc7ada-320f-4174-a385-4b88241e7492,botanical_garden,2026-01-09 06:30:00,393.0,166.3,9.0,4.124,,
c28b2e04-0463-4196-b637-fdd56b25e60a,botanical_garden,2026-01-09 06:45:00,394.0,167.5,8.9,4.124,,
a3384d53-0ff7-486c-9ba8-b14a162a870b,botanical_garden,2026-01-09 07:00:00,392.8,167.3,8.9,4.124,,
9270b067-0140-47af-bf6c-b8878a665fd3,botanical_garden,2026-01-09 07:15:00,393.8,166.7,8.9,4.109,,
9ad162e1-b551-4560-b805-d227a0006dd3,botanical_garden,2026-01-09 07:30:00,394.0,168.2,8.9,4.109,,
3f6b2284-225e-401b-be9a-f411b1a74cc8,botanical_garden,2026-01-09 07:45:00,394.3,168.3,8.9,4.109,,
6e8263b7-133e-46b5-ad2d-293d38fb693e,botanical_garden,2026-01-09 08:00:00,394.7,167.3,8.9,4.109,,
b5897522-a314-4331-b3fa-26b6d151e083,botanical_garden,2026-01-09 08:15:00,395.0,166.8,8.9,4.124,,
c06e4f47-0f16-481b-a4ab-1372610c567d,botanical_garden,2026-01-09 08:30:00,395.0,167.2,8.8,4.109,,
1a509f73-d594-4183-8a72-b5aac70d3c2b,botanical_garden,2026-01-09 08:45:00,394.8,166.8,8.8,4.094,,
531b0f55-637b-4134-ade0-f2c94cde26dc,botanical_garden,2026-01-09 09:00:00,395.2,167.2,8.7,4.109,,
81ed85c9-d7ca-43e0-b54b-af2c74ebe319,botanical_garden,2026-01-09 09:15:00,394.7,164.5,8.7,4.109,,
c66821e1-8ce7-438c-a64a-2aa577e25a87,botanical_garden,2026-01-09 09:30:00,395.3,164.8,8.6,4.124,,
9162a185-151c-4aff-9feb-7a6718e5ff21,botanical_garden,2026-01-09 09:45:00,395.8,164.0,8.6,4.109,,
1aaa8d7e-9b55-466d-a17d-d7500b4732fc,botanical_garden,2026-01-09 10:00:00,395.2,164.7,8.6,4.109,,
107edeef-ef98-4ff1-b9cf-cda8ad5d336a,botanical_garden,2026-01-09 10:15:00,395.3,164.7,8.5,4.124,,
3f6bb994-e2b8-4278-b03d-2c4f6b0e2705,botanical_garden,2026-01-09 10:30:00,395.3,163.8,8.5,4.109,,
b78bd421-e2cb-420e-8a09-bf52dd03dd9a,botanical_garden,2026-01-09 10:45:00,396.2,163.7,8.5,4.109,,
92fcf226-ef22-46e5-af48-0c25e648d428,botanical_garden,2026-01-09 11:00:00,396.2,164.2,8.4,4.109,,
15ce105c-4196-401e-a89a-b55b140fec69,botanical_garden,2026-01-09 11:15:00,396.2,164.0,8.4,4.094,,
66424f49-1d21-4ec9-85ff-79d10456adf1,botanical_garden,2026-01-09 11:30:00,396.5,164.8,8.4,4.109,,
2e5e1b1a-0387-4715-8faf-25efadde79c4,botanical_garden,2026-01-09 11:45:00,397.0,165.7,8.3,4.109,,
d903fe14-50d2-40bc-981d-029a948561fa,botanical_garden,2026-01-09 12:00:00,397.0,164.8,8.3,4.109,,
c18ca4d8-2efd-41d4-90cd-b2cd45cc1b87,botanical_garden,2026-01-09 12:15:00,397.5,164.5,8.3,4.109,,
26fa38e3-750f-498d-bd9b-2fd4c61a2c4f,botanical_garden,2026-01-09 12:30:00,397.5,163.0,8.3,4.094,,
468cae2c-b281-49b5-bd1d-d4fea2950b64,botanical_garden,2026-01-09 12:45:00,397.8,164.5,8.22,4.109,,
4f3b6184-7c0f-41ab-8cb2-5cf0b1696243,botanical_garden,2026-01-09 13:00:00,397.8,163.5,8.2,4.094,,
9c27c5a8-cedf-4636-afa8-68bfbffae9ff,botanical_garden,2026-01-09 13:15:00,398.3,163.8,8.2,4.109,,
3cce1452-0a08-46a7-a3c2-b06634ec8d10,botanical_garden,2026-01-09 13:30:00,398.2,162.2,8.2,4.109,,
d066771f-2fcd-4713-9bd0-cba19787f267,botanical_garden,2026-01-09 13:45:00,398.2,162.2,8.2,4.109,,
3bba417b-72fe-44bd-b5be-73734b062155,botanical_garden,2026-01-09 14:00:00,398.3,163.2,8.2,4.109,,
cdb15b9a-ef73-4dd4-815b-c2e65c2c0bd6,botanical_garden,2026-01-09 14:15:00,398.5,163.0,8.2,4.094,,
36bd7af8-6a77-4554-a679-2b6a73400a45,botanical_garden,2026-01-09 14:30:00,398.5,162.2,8.2,4.109,,
d6417544-2faa-4c93-bbd6-16618c2da724,botanical_garden,2026-01-09 14:45:00,398.8,163.3,8.2,4.109,,
b9fa1c30-0cbc-44b7-b195-21419cb08102,botanical_garden,2026-01-09 15:00:00,398.7,163.0,8.2,4.094,,
e6b6def6-e08f-46fc-85cf-17d43a5efa4c,botanical_garden,2026-01-09 15:15:00,398.7,163.5,8.2,4.094,,
938d3189-b39b-4766-81c2-6f84cf699957,botanical_garden,2026-01-09 15:30:00,399.8,162.8,8.2,4.109,,
4feff66d-49ce-4bce-8b56-33665d253eba,botanical_garden,2026-01-09 15:45:00,399.3,163.3,8.2,4.109,,
ff2d3acf-3530-441f-b50b-9e767ec1c77d,botanical_garden,2026-01-09 16:00:00,399.7,163.5,8.2,4.109,,
28287784-51d8-4a7e-84f5-8f9afeced996,botanical_garden,2026-01-09 16:15:00,400.2,162.7,8.2,4.094,,
02b43e9e-0e65-42bb-adf2-672adce25826,botanical_garden,2026-01-09 16:30:00,400.3,163.5,8.2,4.109,,
d3bb68d6-442e-48a0-960a-8cc749af3f71,botanical_garden,2026-01-09 16:45:00,400.2,162.2,8.2,4.109,,
cd71e879-c671-496e-a654-21e2b9d32726,botanical_garden,2026-01-09 17:00:00,401.0,163.2,8.2,4.215,,
e9aa7bd0-02f2-48d6-9732-34eba6ab8efd,botanical_garden,2026-01-09 17:15:00,401.2,162.2,8.3,4.215,,
8cf24149-584a-479c-bca3-8da9dad697a8,botanical_garden,2026-01-09 17:45:00,401.5,161.8,8.3,4.23,,
db3c2918-666d-42ed-8dc8-dec82401fce8,botanical_garden,2026-01-09 18:00:00,401.5,163.2,8.4,4.245,,
cc2380f5-2abc-4ffb-87b8-e15f3a11fc07,botanical_garden,2026-01-09 18:15:00,402.0,162.7,8.47,4.23,,
993d4c4f-371e-474a-b6fd-ac7d092aed03,botanical_garden,2026-01-09 18:30:00,402.2,162.5,8.5,4.23,,
912ca62b-665f-4ef8-a039-006d64caca0c,botanical_garden,2026-01-09 18:45:00,402.5,162.7,8.6,4.245,,
20e3447e-4bc2-4b55-a6e0-9ee3cb383ea8,botanical_garden,2026-01-09 19:15:00,402.5,163.8,8.8,4.23,,
c1fe3684-1901-40c1-a0ad-d5dd9822cca7,botanical_garden,2026-01-09 19:30:00,402.7,162.8,8.8,4.245,,
4b5b5eb4-b8f9-4564-a11b-5262641baced,botanical_garden,2026-01-09 19:45:00,403.0,162.8,8.9,4.245,,
0a1cdc11-78b9-44aa-bc4f-7f993a13423c,botanical_garden,2026-01-09 20:00:00,402.5,162.5,9.0,4.245,,
362c5ee7-278f-4857-bd02-becf2e5db349,botanical_garden,2026-01-09 20:15:00,403.3,162.2,9.1,4.23,,
efb659f4-564a-406a-bb8b-c29186a21ccf,botanical_garden,2026-01-09 20:30:00,403.3,160.7,9.2,4.321,,
607e4168-329b-48e3-8381-08947a9a4fcf,botanical_garden,2026-01-09 20:45:00,399.3,161.3,9.3,4.336,,
62bd62e4-a3a3-4a78-ab57-685587557f6c,botanical_garden,2026-01-09 21:00:00,401.7,162.5,9.4,4.336,,
288876e6-db8e-4ed2-8c83-f37d54150e88,botanical_garden,2026-01-09 21:15:00,403.8,162.0,9.6,4.336,,
57ffafb7-fba1-494f-9920-9821868650ab,botanical_garden,2026-01-09 21:30:00,402.8,162.3,9.7,4.336,,
999b0679-c0a3-48fa-bc3c-fd6f05d3cb4a,botanical_garden,2026-01-09 21:45:00,399.5,161.5,9.8,4.336,,
1619280b-49fb-440d-b8d6-96c3267baa7e,botanical_garden,2026-01-09 22:00:00,398.7,162.0,9.8,4.336,,
1bc35508-32f2-4966-a794-75ce675a5028,botanical_garden,2026-01-09 22:15:00,398.7,162.2,9.9,4.336,,
6da5d617-2a17-487d-8cab-9778b3743f8e,botanical_garden,2026-01-09 23:00:00,398.2,162.5,9.9,4.23,,
51557848-bb7b-4164-9cde-0afc59852f98,botanical_garden,2026-01-09 23:30:00,398.8,161.8,9.9,4.336,,
92d0ddbf-8bec-49e9-aeba-89f8bbbf7ec0,botanical_garden,2026-01-09 23:45:00,399.2,162.5,9.9,4.23,,
8aa27798-b600-44b5-96f3-44852fb6b191,botanical_garden,2026-01-10 00:00:00,399.2,163.0,9.87,4.245,,
b003ccd0-dbd1-4f84-b8c8-0a6836760797,botanical_garden,2026-01-10 00:15:00,398.8,163.0,9.8,4.23,,
8906d7c2-9a52-4bbf-a596-5890ac497da1,botanical_garden,2026-01-10 00:30:00,399.0,162.3,9.8,4.215,,
9fe166a4-7f53-419e-aa75-bb03210a0fff,botanical_garden,2026-01-10 00:45:00,399.3,163.2,9.8,4.139,,
ff5d6bd7-e579-4edb-8875-fe1bd8482f09,botanical_garden,2026-01-10 01:00:00,399.2,162.3,9.7,4.124,,
61b604bd-b7b3-4e17-8589-c43026d1cc35,botanical_garden,2026-01-10 01:15:00,399.2,162.3,9.7,4.124,,
d1b640c3-e2db-45bc-8609-244e9ccd6850,botanical_garden,2026-01-10 01:30:00,398.7,161.3,9.6,4.124,,
3c969f4e-b626-457f-b1be-12bbc9b6eac0,botanical_garden,2026-01-10 01:45:00,398.7,161.8,9.5,4.139,,
36f36fdd-1cd7-41c1-8239-f8d804f81aaa,botanical_garden,2026-01-10 02:00:00,398.5,162.5,9.5,4.139,,
6ee3a9c0-c31c-40e1-a189-bd2ad0195e9b,botanical_garden,2026-01-10 02:15:00,398.7,162.5,9.4,4.124,,
16918821-e772-4e95-81e7-1f1331e0592a,botanical_garden,2026-01-10 02:30:00,398.7,161.7,9.4,4.124,,
7d04b976-ed7d-449b-9e22-5bd9949ed805,botanical_garden,2026-01-10 02:45:00,399.0,162.3,9.3,4.124,,
2e00634c-c07d-470e-971e-48a045198664,botanical_garden,2026-01-10 03:00:00,399.0,160.5,9.2,4.124,,
d17d9b77-f9ea-416f-88cf-3d74dd71ddc5,botanical_garden,2026-01-10 03:15:00,399.0,161.2,9.2,4.124,,
fcb704de-c941-49cc-aae3-5a8d223772bd,botanical_garden,2026-01-10 03:30:00,398.8,161.8,9.12,4.124,,
d94651a0-1b81-4147-9fae-74beb9bf0f65,botanical_garden,2026-01-10 03:45:00,398.5,162.3,9.1,4.124,,
f61f3537-85bd-4ab8-b7dd-50298e4cfa16,botanical_garden,2026-01-10 04:15:00,398.8,161.2,9.0,4.124,,
babbb582-8d54-4aa9-83ee-83f9a389f8a5,botanical_garden,2026-01-10 04:30:00,399.0,161.0,9.0,4.124,,
9438cc09-9722-431d-a531-fc9eb12eb9f1,botanical_garden,2026-01-10 04:45:00,399.5,161.0,9.0,4.124,,
4c416176-50b2-46b6-a344-461c48242deb,botanical_garden,2026-01-10 05:00:00,399.2,159.8,8.9,4.124,,
f8bfae9b-79aa-48fa-96f5-5c2cc062c7ff,botanical_garden,2026-01-10 05:30:00,399.0,161.0,8.9,4.124,,
3e29970e-7c45-4d70-acd6-a2c339916c86,botanical_garden,2026-01-10 05:45:00,399.0,161.0,8.8,4.124,,
85f05119-c441-4899-b1b4-547fc0576dec,botanical_garden,2026-01-10 06:00:00,398.7,161.2,8.8,4.124,,
703664db-da64-47de-afd3-31034c9ab83d,botanical_garden,2026-01-10 06:15:00,398.7,160.7,8.8,4.124,,
9883300c-ab35-40f2-a003-78c3edd6d119,botanical_garden,2026-01-10 06:30:00,398.5,159.8,8.8,4.109,,
5eb11b67-a21a-47f9-84e2-dc0f92216199,botanical_garden,2026-01-10 06:45:00,398.7,161.2,8.7,4.124,,
d503e411-d82c-4734-b6ba-2f1aaa667f10,botanical_garden,2026-01-10 07:00:00,398.5,161.3,8.7,4.124,,
9ff710cd-4742-46e3-9779-833c0b0fe3ae,botanical_garden,2026-01-10 07:15:00,398.5,161.2,8.7,4.124,,
e2d89cb5-b6fc-4d29-a7b5-e4082ca6d8ad,botanical_garden,2026-01-10 07:30:00,398.7,161.5,8.7,4.124,,
183c19fa-671d-4943-a43b-3f91818c7d55,botanical_garden,2026-01-10 07:45:00,398.5,161.8,8.7,4.124,,
dc42cb2e-ae3c-4a1a-bb1c-7a4a19fac453,botanical_garden,2026-01-10 08:00:00,398.5,160.5,8.7,4.124,,
652ed761-7b22-49d5-b0f6-f9fad85a3b97,botanical_garden,2026-01-10 08:15:00,398.7,160.2,8.7,4.124,,
013a198c-dfd3-43d1-9d6d-de4f829221e9,botanical_garden,2026-01-10 08:30:00,398.3,161.2,8.7,4.124,,
c7d9f359-b4ec-4b7a-a76a-749e7715e436,botanical_garden,2026-01-10 08:45:00,398.2,160.5,8.68,4.124,,
275125c4-1224-4414-8da2-68ac43a108ea,botanical_garden,2026-01-10 09:00:00,398.2,162.3,8.6,4.124,,
e1e06098-aedf-402e-9ad0-643cdacd499b,botanical_garden,2026-01-10 09:15:00,398.3,162.5,8.6,4.109,,
5cc4181f-07d5-40c4-b408-d16b13617759,botanical_garden,2026-01-10 09:30:00,398.2,161.0,8.6,4.124,,
efe3ef27-4bb7-46f8-8845-e7788ea8391c,botanical_garden,2026-01-10 09:45:00,398.2,162.2,8.6,4.124,,
cad0f22d-be3f-4648-b99a-303958c775db,botanical_garden,2026-01-10 10:00:00,397.8,161.2,8.6,4.109,,
132e7a81-0886-448d-a68b-55ec0952dd00,botanical_garden,2026-01-10 10:15:00,397.8,160.7,8.6,4.124,,
00926919-6ab6-456d-87be-08bc862752a4,botanical_garden,2026-01-10 10:30:00,397.8,159.7,8.5,4.109,,
2bc6b2d5-3dfc-4ce9-9758-4003d75e0904,botanical_garden,2026-01-10 10:45:00,399.3,161.2,8.5,4.109,,
913a2632-65e4-4aa9-945d-8bea13ef0edb,botanical_garden,2026-01-10 11:00:00,401.2,160.2,8.5,4.109,,
b4de1f0d-1d47-4ef3-ab0b-e3fe33105392,botanical_garden,2026-01-10 11:15:00,401.5,161.8,8.5,4.124,,
68e39977-6007-48a6-9448-fc4199baa442,botanical_garden,2026-01-10 11:30:00,401.2,161.2,8.5,4.109,,
a1d98f03-7ca5-4227-8138-68e7b44b1573,botanical_garden,2026-01-10 11:45:00,399.2,161.8,8.5,4.109,,
2ab47db9-22cd-498b-90bb-d3bae9504fd5,botanical_garden,2026-01-10 12:00:00,396.2,162.2,8.4,4.109,,
f9a18637-5b36-44ec-b5a6-1db3efdd743f,botanical_garden,2026-01-10 12:15:00,395.3,160.7,8.4,4.109,,
1fdb4408-1520-4b29-8102-cb99cbb795ee,botanical_garden,2026-01-10 12:30:00,395.2,161.0,8.4,4.109,,
17d139f5-6a35-463f-b340-58f3855e6d24,botanical_garden,2026-01-10 12:45:00,395.3,160.3,8.4,4.109,,
bfebbc08-7311-409f-8a0b-c96af7040470,botanical_garden,2026-01-10 13:00:00,396.5,161.0,8.4,4.124,,
7c1bad0f-d8bb-4cc5-9151-b4cd496d36bf,botanical_garden,2026-01-10 13:15:00,396.0,160.7,8.38,4.109,,
15a7b836-c947-424b-94fd-d6aa6dac6c64,botanical_garden,2026-01-10 13:30:00,396.8,161.5,8.3,4.109,,
811dadd7-f5d6-46c5-9e68-a740ad6be1e3,botanical_garden,2026-01-10 13:45:00,397.0,159.5,8.3,4.124,,
5b759392-1ee3-4c6a-9dd7-4e7c853963b3,botanical_garden,2026-01-10 14:00:00,397.2,161.0,8.3,4.109,,
df6aa0dd-8bdf-49c8-9699-40df4d866ee7,botanical_garden,2026-01-10 14:15:00,397.2,160.7,8.3,4.109,,
f5884965-5c51-404b-9d72-f7b2a8186b97,botanical_garden,2026-01-10 14:30:00,397.5,160.2,8.3,4.109,,
9bd4f54b-0656-4c2d-8ff0-e3ae1dd75580,botanical_garden,2026-01-10 14:45:00,397.3,160.5,8.2,4.109,,
d008b866-db2d-437f-acce-c1250504ff9d,botanical_garden,2026-01-10 15:00:00,397.2,159.2,8.2,4.109,,
65bc2b4e-4182-4346-892d-5394e536f7d7,botanical_garden,2026-01-10 15:15:00,397.7,159.7,8.2,4.109,,
26df0826-c633-4f7b-b9c4-e04c69f5cf19,botanical_garden,2026-01-10 15:30:00,397.7,158.7,8.2,4.109,,
17310fc6-fb33-4825-bb36-a6564d1b85ab,botanical_garden,2026-01-10 15:45:00,398.0,159.3,8.2,4.109,,
1099bdb8-315d-4455-b4c3-59787496ee63,botanical_garden,2026-01-10 16:00:00,397.8,159.7,8.2,4.109,,
ebaa5148-6841-482b-9d24-efcca11d1a77,botanical_garden,2026-01-10 16:15:00,397.8,159.5,8.2,4.109,,
634256a5-e85f-4d18-8a0b-5b29ce84781e,botanical_garden,2026-01-10 16:30:00,397.3,160.7,8.3,4.124,,
bcdc8ed6-a0b1-4071-b257-027dc1ba3fda,botanical_garden,2026-01-10 16:45:00,397.8,158.8,8.3,4.185,,
5f750522-bda8-490b-a659-fc87ab1a53eb,botanical_garden,2026-01-10 17:00:00,398.0,159.2,8.3,4.215,,
1be4cc87-952e-4c46-adc2-367e671e6bde,botanical_garden,2026-01-10 17:30:00,398.0,159.7,8.4,4.245,,
31c20e0d-3a4f-4e60-8709-f22628e6761d,botanical_garden,2026-01-10 17:45:00,397.5,160.0,8.5,4.245,,
04048283-0690-4ca0-9031-1f0ad7db2dfd,botanical_garden,2026-01-10 18:00:00,397.3,159.2,8.5,4.23,,
ab68f27f-cf9c-449d-96ce-3c50ee889647,botanical_garden,2026-01-10 18:15:00,398.2,159.0,8.6,4.23,,
23d33136-4b9f-438f-9d60-e4d9376d4820,botanical_garden,2026-01-10 18:45:00,398.0,160.2,8.8,4.245,,
215bdb81-74ba-4346-a8af-e88dc776f69a,botanical_garden,2026-01-10 19:00:00,397.5,159.5,8.9,4.23,,
cffae556-8a2d-4cb9-af5c-5fd526ebb976,botanical_garden,2026-01-10 19:30:00,398.0,160.0,9.1,4.23,,
94feb8fd-d746-4a5b-a20b-a64d036514ca,botanical_garden,2026-01-10 19:45:00,397.8,158.5,9.3,4.245,,
b8d248b6-29cb-4c39-9ff1-4987954c1a4e,botanical_garden,2026-01-10 20:00:00,398.7,158.7,9.4,4.336,,
37532710-28cd-4744-a38a-8692f3b75913,botanical_garden,2026-01-10 20:15:00,398.3,159.0,9.5,4.336,,
daa58c43-bffa-4081-b74f-4f82981ce919,botanical_garden,2026-01-10 20:30:00,398.0,159.8,9.6,4.336,,
0e0a2b35-9f95-4145-ab77-cc2f718fd823,botanical_garden,2026-01-10 20:45:00,397.7,161.0,9.8,4.336,,
83541dcb-16ba-43fe-b351-b9d73ce7e9e1,botanical_garden,2026-01-10 21:00:00,397.3,160.7,9.9,4.336,,
b31a37c8-cb91-469a-86aa-8e38e440b7ed,botanical_garden,2026-01-10 21:15:00,396.8,158.7,10.1,4.336,,
4756dbd2-f534-40d3-8c31-ad6f887c7c26,botanical_garden,2026-01-10 21:30:00,396.7,159.3,10.2,4.336,,
1fa9f68a-8e2a-4c54-941d-930f4f973209,botanical_garden,2026-01-10 21:45:00,396.7,158.3,10.3,4.336,,
0d693252-9dac-47ec-8436-22003e9facf1,botanical_garden,2026-01-10 22:00:00,397.3,160.3,10.4,4.336,,
56bd62b8-a27f-49f4-8a51-891e503dd0a7,botanical_garden,2026-01-10 22:30:00,397.7,159.2,10.5,4.321,,
0ff67867-a386-44c4-9be0-06be90afa7a3,botanical_garden,2026-01-10 23:00:00,396.8,158.8,10.6,4.336,,
24a2feee-7802-4c00-8422-74947b109752,botanical_garden,2026-01-10 23:15:00,397.2,159.3,10.6,4.336,,
3d9c06ec-7575-4c8f-9f34-f62d7fa9a45f,botanical_garden,2026-01-10 23:30:00,397.0,159.7,10.6,4.336,,
0117140e-632c-4677-9c8b-5c821fd3708d,botanical_garden,2026-01-10 23:45:00,397.2,161.0,10.58,4.23,,
286b6a44-587a-4919-8a14-10d906ee5522,botanical_garden,2026-01-11 00:15:00,397.8,160.7,10.5,4.336,,
734dfcb2-3020-4ef6-87d8-864c20c32702,botanical_garden,2026-01-11 00:30:00,397.3,160.8,10.4,4.336,,
a889d31b-ba99-406a-97ed-f8413a85e964,botanical_garden,2026-01-11 00:45:00,397.5,159.2,10.4,4.154,,
4403b64b-ffd8-46b8-8acb-7521c445771d,botanical_garden,2026-01-11 01:15:00,397.2,160.0,10.3,4.124,,
7b997545-d710-42c9-83b1-4c8405ae771b,botanical_garden,2026-01-11 01:30:00,397.5,160.5,10.2,4.124,,
930db8f8-3619-41bc-b7df-d9ef994a585f,botanical_garden,2026-01-11 01:45:00,397.2,159.7,10.1,4.139,,
876ff4bb-8591-4704-8ed1-ad4d2133bd8c,botanical_garden,2026-01-11 02:00:00,397.5,161.2,10.02,4.124,,
c33f0098-6451-41fd-bb51-23e90e03f176,botanical_garden,2026-01-11 02:15:00,397.0,160.2,10.0,4.124,,
217650e2-4c1e-4623-b291-fef765249a83,botanical_garden,2026-01-11 02:30:00,396.8,160.0,9.9,4.124,,
1dbed54a-16d3-4285-b9a0-609937d7873a,botanical_garden,2026-01-11 02:45:00,397.0,159.5,9.9,4.124,,
8e4d7193-14ee-437a-94f8-bc75c529c154,botanical_garden,2026-01-11 03:15:00,396.7,161.5,9.8,4.124,,
7acd4e59-5a64-4d4d-87b8-8ccc3f9ca6cc,botanical_garden,2026-01-11 03:30:00,396.3,160.7,9.75,4.124,,
27eab754-5310-4ec6-b99e-9e26c0780daf,botanical_garden,2026-01-11 03:45:00,396.3,159.7,9.7,4.124,,
a3857ba0-aadb-4c64-8b3d-88a94f38b08e,botanical_garden,2026-01-11 04:00:00,396.8,158.3,9.7,4.109,,
b5b86296-58c6-44e2-8914-42b5e7c4d456,botanical_garden,2026-01-11 04:15:00,396.7,159.5,9.6,4.124,,
105f9e05-6c05-4d42-8291-6b8d53b40df4,botanical_garden,2026-01-11 04:30:00,396.7,159.2,9.6,4.124,,
3eea86b4-9e17-44f2-9605-f43bc3e406a3,botanical_garden,2026-01-11 04:45:00,396.8,159.7,9.5,4.109,,
4dfafb92-2c43-45fe-b45e-d8a43b2c9635,botanical_garden,2026-01-11 05:00:00,397.0,159.3,9.5,4.124,,
350e9810-2b48-4f24-98cc-f9178bc8ebcf,botanical_garden,2026-01-11 05:15:00,396.5,159.3,9.5,4.124,,
9d881579-0838-4bee-8e3d-534af85a82b1,botanical_garden,2026-01-11 05:30:00,396.7,159.0,9.4,4.124,,
fee93c60-69bf-4df9-a887-441fc3f62783,botanical_garden,2026-01-11 05:45:00,396.5,158.3,9.4,4.124,,
9e6ebba3-f12f-468a-b7b0-d0b4744e3187,botanical_garden,2026-01-11 06:00:00,396.5,158.5,9.3,4.124,,
ccfbaf78-06a3-43cd-b9f3-287de0eeb259,botanical_garden,2026-01-11 06:15:00,396.0,158.2,9.3,4.124,,
c30152ed-69eb-485e-a1bc-d4972f27d087,botanical_garden,2026-01-11 06:30:00,395.5,158.8,9.2,4.124,,
2a1fcaaa-9eed-4c4e-958e-7a55c37b924e,botanical_garden,2026-01-11 06:45:00,396.3,158.8,9.2,4.124,,
8eeda320-c750-4c95-a96f-0a7327e1f619,botanical_garden,2026-01-11 07:00:00,395.5,158.0,9.2,4.124,,
f206f24a-78a8-4279-ac9f-5298f439db78,botanical_garden,2026-01-11 07:15:00,395.5,158.0,9.13,4.124,,
b22d1f94-23f8-46ec-a98b-958b48cf98e5,botanical_garden,2026-01-11 07:30:00,395.5,157.5,9.1,4.124,,
e7ab0378-c701-4d1e-b6e4-e8687dd92ad0,botanical_garden,2026-01-11 07:45:00,395.3,158.5,9.1,4.109,,
8586b145-f95c-4487-a9ae-0195123e6ba2,botanical_garden,2026-01-11 08:00:00,395.5,157.7,9.1,4.124,,
c87cdd66-84e6-4af5-8730-e1f75013021c,botanical_garden,2026-01-11 08:15:00,395.7,158.2,9.1,4.109,,
c0d1d5ab-24cb-47ec-8859-dd50cfb768f4,botanical_garden,2026-01-11 08:30:00,395.2,157.2,9.1,4.124,,
060b0ceb-b4e2-4a11-88e8-c3160de5531b,botanical_garden,2026-01-11 08:45:00,395.5,157.0,9.0,4.124,,
f40ab75e-3658-48a5-a3fa-c0592ee41fb3,botanical_garden,2026-01-11 09:00:00,394.7,157.3,9.0,4.124,,
bede880f-3494-42dd-827b-d5040438a40d,botanical_garden,2026-01-11 09:30:00,395.0,158.2,9.0,4.124,,
2ce1e18e-e310-487b-88be-6c16b561c41e,botanical_garden,2026-01-11 09:45:00,395.3,158.0,8.9,4.109,,
25fc8232-9896-4cbb-88f2-ac5f7696068a,botanical_garden,2026-01-11 10:00:00,395.0,158.3,8.9,4.109,,
343f6934-ae40-4a12-9a5d-b30a9e6388d6,botanical_garden,2026-01-11 10:15:00,395.0,160.0,8.9,4.124,,
23f0e923-40ce-428f-91f3-50d97cc69b0c,botanical_garden,2026-01-11 10:30:00,394.7,157.5,8.8,4.124,,
2279ac9d-4c97-4f19-b9b0-826726448ce8,botanical_garden,2026-01-11 10:45:00,394.5,158.2,8.8,4.124,,
afba4286-e1e8-4780-a682-3c8800f45532,botanical_garden,2026-01-11 11:00:00,394.7,158.7,8.8,4.124,,
f6e322fd-b8f8-4bed-b60d-b1502eee0977,botanical_garden,2026-01-11 11:30:00,395.0,158.2,8.7,4.109,,
7b687cdc-d57a-4834-a6b4-9cb01b9a04cd,botanical_garden,2026-01-11 11:45:00,395.3,158.3,8.7,4.109,,
506d032a-93e7-4d57-a745-15ad989c2f08,botanical_garden,2026-01-11 12:00:00,395.3,159.2,8.68,4.109,,
62b6c778-0579-420a-9526-46d5f966112e,botanical_garden,2026-01-11 12:15:00,395.3,159.3,8.6,4.109,,
4e81581a-797b-47ad-8f91-63c00b8f5b67,botanical_garden,2026-01-11 12:30:00,395.0,158.7,8.6,4.124,,
9e43d227-e072-4d25-bbc7-4cc686039a3b,botanical_garden,2026-01-11 12:45:00,394.7,158.8,8.6,4.109,,
aafa4579-40aa-44a6-a488-da4ae3cd4271,botanical_garden,2026-01-11 13:00:00,394.7,157.8,8.6,4.109,,
7b822f04-4ac7-42ff-9024-f13376fe49dc,botanical_garden,2026-01-11 13:15:00,394.5,157.8,8.6,4.124,,
9cfc561b-6cba-4d75-a541-8a75fa4b6a2a,botanical_garden,2026-01-11 13:30:00,394.0,157.7,8.6,4.109,,
1cf6013b-8022-44a1-8b2f-4577ad3d7170,botanical_garden,2026-01-11 13:45:00,394.2,158.2,8.5,4.109,,
4990203d-67f1-4c53-b21a-f393a3202484,botanical_garden,2026-01-11 14:15:00,394.7,157.3,8.5,4.109,,
ea937de1-8e71-4403-b433-8ac2d6076445,botanical_garden,2026-01-11 14:30:00,394.3,157.2,8.5,4.109,,
6870f479-1546-44ef-a0f6-b4c712cc76bd,botanical_garden,2026-01-11 14:45:00,394.2,157.8,8.5,4.109,,
7929fa96-c248-4122-8c61-b89009cd204d,botanical_garden,2026-01-11 15:00:00,393.5,157.8,8.5,4.109,,
908b78a2-0497-4fc3-99b3-1671b29155c1,botanical_garden,2026-01-11 15:15:00,393.5,156.5,8.5,4.109,,
80495394-8eb9-4218-a132-1114a6615add,botanical_garden,2026-01-11 15:30:00,392.8,157.7,8.5,4.109,,
b87ceb63-6a41-4965-bb7a-7e72f647f9e0,botanical_garden,2026-01-11 15:45:00,392.7,156.3,8.5,4.109,,
e1664a76-260f-4e89-b54c-76d953c8728e,botanical_garden,2026-01-11 16:00:00,393.0,157.3,8.4,4.109,,
6340b4f7-c789-4e11-b4cb-c3ed4c5bb964,botanical_garden,2026-01-11 16:15:00,392.8,156.7,8.4,4.109,,
547401dc-2466-42a6-a891-4d9ec28b66ed,botanical_garden,2026-01-11 16:30:00,392.7,156.5,8.42,4.154,,
1cda01da-0823-4cc5-8d7b-3c0780fca816,botanical_garden,2026-01-11 16:45:00,392.5,157.2,8.5,4.215,,
9055b10d-d980-427b-af4f-7b2c630f1f21,botanical_garden,2026-01-11 17:00:00,392.3,156.7,8.5,4.215,,
c654f5fd-a46a-4da7-b116-339e604c3fbb,botanical_garden,2026-01-11 17:30:00,392.0,157.3,8.57,4.23,,
12cc331f-44f1-484e-8c83-51607dc62043,botanical_garden,2026-01-11 17:45:00,392.7,158.0,8.6,4.245,,
9444683b-d48c-49cb-8fa7-2907fa0235d6,botanical_garden,2026-01-11 18:00:00,392.5,156.3,8.7,4.245,,
9755182a-1e86-4dcd-affe-3593adeccd5b,botanical_garden,2026-01-11 18:15:00,392.5,157.0,8.8,4.23,,
e97994ec-e952-4581-82ff-86399552c5dd,botanical_garden,2026-01-11 18:30:00,392.5,156.7,8.9,4.23,,
a7b38dbb-1dd0-41c7-b683-be7a7632c3fd,botanical_garden,2026-01-11 18:45:00,392.2,157.3,9.0,4.23,,
1b19b0db-dea7-4724-a64c-213136e2804d,botanical_garden,2026-01-11 19:00:00,392.5,158.2,9.1,4.245,,
2df2e61e-fbe2-4826-ab2d-528da51fc84f,botanical_garden,2026-01-11 19:15:00,392.2,157.7,9.2,4.23,,
1698ac78-4d6b-4bef-833e-ad026749fada,botanical_garden,2026-01-11 19:30:00,392.0,157.0,9.32,4.245,,
eeb9f34f-12f1-411f-8ff2-27a0a38e1ea2,botanical_garden,2026-01-11 19:45:00,391.5,157.3,9.5,4.321,,
c34347cc-f203-4d62-a0e4-7f833bd4acbc,botanical_garden,2026-01-11 20:00:00,391.8,156.3,9.6,4.336,,
53922480-6267-4d84-8d91-fe0f5896f14a,botanical_garden,2026-01-11 20:15:00,391.5,156.0,9.7,4.336,,
bb0cc6cf-7db8-4022-bfaa-8203b74fdca5,botanical_garden,2026-01-11 20:30:00,392.0,156.2,9.9,4.321,,
d8d88d37-1908-45f7-b192-97f43fe184ec,botanical_garden,2026-01-11 20:45:00,392.3,157.0,10.1,4.321,,
0bfde78e-7f0f-4180-8974-b3f23fe45a18,botanical_garden,2026-01-11 21:15:00,399.7,158.3,10.5,4.321,,
ee04df6d-a979-4266-a15c-6f291b613b52,botanical_garden,2026-01-11 21:30:00,403.5,157.8,10.7,4.336,,
2f4bbe4c-8e6b-42ed-897c-86368a8d3ba9,botanical_garden,2026-01-11 21:45:00,403.5,158.2,10.8,4.336,,
2df4b233-30f5-4a2f-b899-3ef3f3a12424,botanical_garden,2026-01-11 22:00:00,401.3,158.5,10.9,4.336,,
3544ac6e-959f-4ca6-a136-e2cb98051ab8,botanical_garden,2026-01-11 22:15:00,399.2,158.8,11.0,4.336,,
74a741f9-f77e-442c-bdcf-26f2515ec0a6,botanical_garden,2026-01-11 22:30:00,397.2,159.5,11.0,4.336,,
70ee0cc3-a552-4f3f-8a58-ecc85ca7d869,botanical_garden,2026-01-11 22:45:00,395.5,158.7,11.1,4.336,,
859cb638-3d47-4957-a786-8176d60f9123,botanical_garden,2026-01-11 23:00:00,394.5,157.5,11.2,4.336,,
39e0fa07-0233-44fd-90e6-a7e4607a7aef,botanical_garden,2026-01-11 23:15:00,393.7,159.2,11.2,4.336,,
e0fdd2fc-9a45-42d0-8a2d-7b6c73f1af25,botanical_garden,2026-01-11 23:30:00,393.0,158.0,11.2,4.336,,
569307e7-e5c0-4449-9289-c1897b88e15d,botanical_garden,2026-01-11 23:45:00,393.5,159.0,11.2,4.336,,
0d2abd6e-56b9-408e-89fe-c62441c29312,botanical_garden,2026-01-12 00:00:00,395.0,158.7,11.2,4.336,,
e46c0a80-5d63-4e95-89e9-1d7403612e73,botanical_garden,2026-01-12 00:15:00,396.7,158.7,11.2,4.23,,
bb6ffc5c-a432-471f-bbb6-a35c16e29fb7,botanical_garden,2026-01-12 00:45:00,396.8,159.2,11.1,4.23,,
a14beb05-7bf8-4acc-9557-270ee644929b,botanical_garden,2026-01-12 01:00:00,396.2,160.7,11.0,4.124,,
d92eb02b-4d5c-42d0-b649-abe03d0fdacc,botanical_garden,2026-01-12 01:15:00,395.2,159.3,10.9,4.124,,
f50ec9fc-18ce-4957-8cd0-35944cb855df,botanical_garden,2026-01-12 01:30:00,394.2,158.8,10.8,4.124,,
ff59e7b8-01b3-45c2-92f5-0dd295d7557e,botanical_garden,2026-01-12 01:45:00,393.0,158.8,10.7,4.124,,
8d34889a-794d-4ade-9df3-e2d1c96652da,botanical_garden,2026-01-12 02:00:00,392.7,158.2,10.6,4.124,,
816f3484-2f57-4c11-8dea-41fd358cebd1,botanical_garden,2026-01-12 02:15:00,393.7,157.5,10.5,4.124,,
523d2948-2cc9-4b06-b202-0bdce8e0d6eb,botanical_garden,2026-01-12 02:45:00,395.5,158.8,10.3,4.124,,
9668b0b8-8674-4ba6-b4af-33f4b69e7f4e,botanical_garden,2026-01-12 03:00:00,395.2,158.5,10.2,4.124,,
33dd8652-34db-4995-83b7-4c47f31f64e3,botanical_garden,2026-01-12 03:15:00,395.8,159.8,10.1,4.124,,
53d6a5af-cf67-4591-a840-76e0386c269a,botanical_garden,2026-01-12 03:30:00,397.7,158.5,10.0,4.124,,
aef213dd-19d5-4e87-b90d-5712f3a58821,botanical_garden,2026-01-12 03:45:00,398.3,159.8,10.0,4.124,,
86182dce-0eef-40c1-aa58-a86fa0cc6532,botanical_garden,2026-01-12 04:00:00,395.2,159.7,9.9,4.124,,
c3bd5cca-fe6f-475a-a3e2-c2fba705897b,botanical_garden,2026-01-12 04:15:00,389.3,159.5,9.8,4.124,,
1ebfae00-04f1-450e-8e92-841a7e82e17b,botanical_garden,2026-01-12 04:30:00,382.0,159.2,9.8,4.124,,
c806d577-e9ca-4487-b48e-5dc15e7ac3ee,botanical_garden,2026-01-12 04:45:00,375.3,159.0,9.7,4.124,,
54f13032-63d4-4db4-82ac-9112aa579bec,botanical_garden,2026-01-12 05:00:00,372.2,159.0,9.7,4.109,,
ccc4d11e-3fcb-448d-8ddf-118d56ec9507,botanical_garden,2026-01-12 05:15:00,371.8,158.0,9.6,4.124,,
b2560d66-d5a5-4940-8d84-0e654087fe58,botanical_garden,2026-01-12 05:30:00,372.8,158.0,9.6,4.124,,
d357a727-f0e4-4b70-96f0-649e6af06ba8,botanical_garden,2026-01-12 05:45:00,374.2,157.2,9.6,4.124,,
8a6b1ba6-5340-4b44-9e95-1f0f4edf64c6,botanical_garden,2026-01-12 06:00:00,375.7,158.2,9.5,4.124,,
bebbb848-9887-4836-aab5-8dc36006600a,botanical_garden,2026-01-12 06:15:00,377.0,158.8,9.5,4.124,,
862a9c3a-f818-485a-9f54-14775a3a8fdf,botanical_garden,2026-01-12 06:30:00,379.0,159.3,9.5,4.124,,
ac2f4976-a709-40aa-bb19-fe0a7da1446c,botanical_garden,2026-01-12 06:45:00,380.0,158.0,9.5,4.124,,
c88d8731-642c-44f5-9d81-56107a7dba04,botanical_garden,2026-01-12 07:00:00,382.0,157.2,9.43,4.124,,
f25af7b6-8a05-4a0d-ae94-288e3056d7cf,botanical_garden,2026-01-12 07:15:00,382.7,158.0,9.4,4.124,,
1d99d3b8-fba6-48a3-8c9b-051249b399ed,botanical_garden,2026-01-12 07:30:00,383.5,157.5,9.4,4.124,,
4097ca8b-f07d-4872-a591-72bc04b58646,botanical_garden,2026-01-12 07:45:00,384.5,157.3,9.4,4.124,,
615433f8-330d-4216-8804-7faa957cbeca,botanical_garden,2026-01-12 08:00:00,384.5,157.7,9.4,4.124,,
86e23255-e73f-4717-a73c-67ab34bbad8f,botanical_garden,2026-01-12 08:15:00,385.3,158.2,9.4,4.124,,
f3838fea-a663-4994-be80-34fc3379783c,botanical_garden,2026-01-12 08:30:00,385.3,158.2,9.4,4.124,,
2bfa525c-b64a-4150-a75d-26ab8714a1e8,botanical_garden,2026-01-12 08:45:00,385.7,158.8,9.4,4.124,,
e4210173-2992-4c5b-b38f-2eb8887360e7,botanical_garden,2026-01-12 09:00:00,386.7,157.8,9.3,4.124,,
2f5e3253-3605-4d8b-8b70-d260796f9521,botanical_garden,2026-01-12 09:15:00,386.5,158.3,9.3,4.124,,
e997f226-0069-45db-b4ed-d961c11a634e,botanical_garden,2026-01-12 09:30:00,386.8,157.8,9.3,4.124,,
c0377f06-4a77-4b83-8e84-e5b733fb88da,botanical_garden,2026-01-12 09:45:00,386.8,158.2,9.3,4.124,,
a90c251a-cf41-4172-a5e6-3387e4a1c8f2,botanical_garden,2026-01-12 10:00:00,387.0,158.2,9.3,4.124,,
4b7a3b76-17c6-466c-80a4-f5141e9658ff,botanical_garden,2026-01-12 10:15:00,387.0,158.8,9.25,4.124,,
30b89461-3e7e-4686-b0ef-11e994297112,botanical_garden,2026-01-12 10:30:00,387.0,158.5,9.2,4.109,,
29d9f152-6a5d-42de-8dc1-180b34ee7f20,botanical_garden,2026-01-12 10:45:00,386.7,157.2,9.2,4.124,,
93212ad7-56d8-4e53-962c-de04fef85510,botanical_garden,2026-01-12 11:00:00,386.8,158.5,9.2,4.109,,
bc13f457-4de5-486a-9d06-3e0e93a41ce5,botanical_garden,2026-01-12 11:15:00,386.7,158.2,9.1,4.109,,
798a559c-5d4e-42d8-b8a4-f15acb9c8a15,botanical_garden,2026-01-12 11:30:00,387.3,157.3,9.1,4.109,,
4e90dd1b-e332-49fe-ab98-ef532b834ce7,botanical_garden,2026-01-12 11:45:00,386.3,157.3,9.1,4.124,,
ca38f5b7-452d-43ac-8a61-e0dcedabcd9f,botanical_garden,2026-01-12 12:00:00,386.7,157.5,9.1,4.109,,
e58b90e6-b370-40da-8df1-093b41d4342c,botanical_garden,2026-01-12 12:15:00,386.3,158.0,9.02,4.109,,
a7324a9c-7cee-42da-b62e-effffb426292,botanical_garden,2026-01-12 12:30:00,386.8,159.0,9.0,4.109,,
62ad953a-bf66-4087-85bb-1a5fffe0da7e,botanical_garden,2026-01-12 12:45:00,386.5,158.2,9.0,4.124,,
b7a66b74-c339-48c7-8dc4-a5523d9b84e1,botanical_garden,2026-01-12 13:00:00,386.7,158.8,9.0,4.124,,
ff8c93f4-fd5d-465b-9db7-3e69a4adcf98,botanical_garden,2026-01-12 13:15:00,386.8,157.3,9.0,4.109,,
ffab0bc5-ffcf-4163-950c-cd4d61793b25,botanical_garden,2026-01-12 13:30:00,387.3,157.7,8.9,4.109,,
997dead1-694d-4739-be1f-fbcfe6c5f1b9,botanical_garden,2026-01-12 13:45:00,387.0,158.0,8.9,4.109,,
59bf49c3-5569-4ec7-bae4-a926cc97abc7,botanical_garden,2026-01-12 14:00:00,387.2,157.0,8.9,4.109,,
2b1557f2-0965-478b-81ae-947369b49866,botanical_garden,2026-01-12 14:15:00,386.3,158.2,8.9,4.109,,
f8c2a20f-ec44-43d1-8f2a-67ee257a52af,botanical_garden,2026-01-12 14:30:00,387.0,157.0,8.9,4.109,,
00b0db7b-bfa7-48fb-9a60-b867ce59a346,botanical_garden,2026-01-12 14:45:00,387.0,157.8,8.9,4.109,,
1ec6209b-02e0-4145-847a-686df7cafe93,botanical_garden,2026-01-12 15:00:00,387.2,157.2,8.87,4.109,,
842b728d-e3fd-436c-88cb-e24d2958f280,botanical_garden,2026-01-12 15:15:00,387.2,157.5,8.8,4.109,,
db174eb1-7233-4dbb-bc3a-7f0411b38b38,botanical_garden,2026-01-12 15:30:00,386.8,158.2,8.8,4.109,,
761f16e3-8986-411f-a4f1-997edef43315,botanical_garden,2026-01-12 15:45:00,387.2,158.7,8.8,4.109,,
0c2b010d-583c-41cc-8299-0178efc94cf7,botanical_garden,2026-01-12 16:00:00,387.2,158.2,8.8,4.109,,
5aef983b-3115-458a-bf88-31e0c6e784bf,botanical_garden,2026-01-12 16:15:00,387.5,157.7,8.8,4.109,,
33e57274-877e-45e1-9036-139ccb814c5e,botanical_garden,2026-01-12 17:00:00,386.7,157.2,8.8,4.215,,
d8a7357a-ae43-4bab-9b5b-a826b7d4a26c,botanical_garden,2026-01-12 17:15:00,386.7,156.8,8.8,4.215,,
2011b2a7-2ba5-4af3-9170-729267c8c4a5,botanical_garden,2026-01-12 17:30:00,386.7,157.0,8.85,4.23,,
dd42e644-1064-430d-a7b0-e465fd2569b2,botanical_garden,2026-01-12 17:45:00,386.2,156.8,8.9,4.245,,
5edbdbbb-efd9-41a1-ba22-89b2baf98c81,botanical_garden,2026-01-12 18:00:00,386.3,157.7,8.9,4.245,,
3f6a1366-41dc-4eb7-b258-326e956b82da,botanical_garden,2026-01-12 18:15:00,386.3,157.2,9.0,4.245,,
480b82b1-0115-4474-b16a-cfab1b2efdb3,botanical_garden,2026-01-12 18:30:00,386.0,156.7,9.1,4.245,,
8f0b734f-e220-4bdb-9b99-a26dde381b5b,botanical_garden,2026-01-12 18:45:00,386.0,156.5,9.2,4.23,,
68be337f-3b1d-4326-bb74-9f7cae12a8da,botanical_garden,2026-01-12 19:00:00,385.3,155.5,9.3,4.23,,
ef5eb200-3dbe-42a5-b842-b4c277fc0e54,botanical_garden,2026-01-12 19:15:00,385.5,157.0,9.4,4.23,,
52ca6479-aa1d-4e83-b869-29642c4adbdc,botanical_garden,2026-01-12 19:30:00,386.0,157.0,9.5,4.23,,
0f99a11c-a248-4099-bfb1-3a7310032627,botanical_garden,2026-01-12 19:45:00,386.0,157.0,9.7,4.245,,
14acefee-4495-497c-a7af-0b5801a74fde,botanical_garden,2026-01-12 20:00:00,387.0,157.8,9.8,4.23,,
0b666aa2-65a9-4619-b6a5-fb6ed681ea14,botanical_garden,2026-01-12 20:15:00,387.2,157.2,9.98,4.336,,
39245d81-cde7-4899-bbdb-69c8ae4ef154,botanical_garden,2026-01-12 20:30:00,386.2,156.7,10.1,4.336,,
52015ea5-e707-4fa3-b798-445d533bfede,botanical_garden,2026-01-12 20:45:00,384.8,156.7,10.3,4.336,,
2e98221a-af25-44b7-9f2a-0eae4f3edcbf,botanical_garden,2026-01-12 21:00:00,384.5,156.5,10.43,4.321,,
1eaa497e-9eb2-40d0-b0a0-f2adc49fb594,botanical_garden,2026-01-12 21:15:00,383.8,156.8,10.6,4.336,,
2f37f1c5-9393-4600-af36-6468335f163f,botanical_garden,2026-01-12 21:30:00,384.2,157.7,10.8,4.336,,
ae32c4e2-f01e-44a0-b79c-cf6e29853d23,botanical_garden,2026-01-12 21:45:00,384.5,157.0,10.9,4.336,,
9cbb2a0f-6969-41f4-b76b-ff7670a71433,botanical_garden,2026-01-12 22:00:00,384.3,157.3,11.0,4.336,,
1ddc5617-9ecc-4b62-ba8b-b01b8495c8ae,botanical_garden,2026-01-12 22:15:00,384.5,157.0,11.0,4.336,,
bb512f05-322f-4b62-8a54-06a62a775668,botanical_garden,2026-01-12 22:30:00,384.5,156.7,11.0,4.336,,
2644c7db-60a3-4d97-aaef-0508219a3163,botanical_garden,2026-01-12 23:00:00,384.8,158.7,11.1,4.321,,
e740eefc-f052-4e7a-b187-32d9cfdf1f0c,botanical_garden,2026-01-12 23:15:00,384.5,157.5,11.1,4.336,,
c4f4d6cc-9116-42d9-b275-662c51d36b14,botanical_garden,2026-01-12 23:30:00,384.5,158.2,11.0,4.336,,
ce32e5e9-71e3-4603-8f98-a7f2cb01c21a,botanical_garden,2026-01-13 00:00:00,384.7,159.2,10.9,4.215,,
63456f65-f8d5-43f5-9fca-fb9a50ae1b2d,botanical_garden,2026-01-13 00:15:00,385.3,157.5,10.9,4.23,,
173404ca-0b6a-4b26-a050-f314eaa089a7,botanical_garden,2026-01-13 00:30:00,384.8,157.5,10.8,4.215,,
43c4a0dd-1d3b-43c0-a291-b257f52ddbed,botanical_garden,2026-01-13 00:45:00,383.8,157.5,10.8,4.124,,
5fdf4f62-c507-4f0d-b37e-ac9448752dd7,botanical_garden,2026-01-13 01:00:00,383.3,158.3,10.7,4.124,,
9b860bf5-6287-4337-ac3b-b81fc5b423ad,botanical_garden,2026-01-13 01:15:00,383.2,158.2,10.6,4.124,,
86bd507d-87a1-4b79-9e4e-4718e7c0899e,botanical_garden,2026-01-13 01:30:00,382.8,158.2,10.5,4.124,,
35c47c42-df56-4bd8-b905-3cbfc304acb5,botanical_garden,2026-01-13 01:45:00,382.8,157.8,10.5,4.124,,
c8ba2605-05c0-4c69-9944-2c4ddc32bcff,botanical_garden,2026-01-13 02:00:00,383.2,158.7,10.4,4.124,,
3e187bb2-8ced-4c55-8b44-0f7ef11e290c,botanical_garden,2026-01-13 02:15:00,383.8,157.5,10.4,4.124,,
2d50b047-a2ac-4d96-97b9-1b2f992ec750,botanical_garden,2026-01-13 02:30:00,383.7,157.8,10.3,4.124,,
e6591f14-821f-4a27-9142-c71076844937,botanical_garden,2026-01-13 02:45:00,383.5,156.8,10.28,4.124,,
f7e3ce12-d5f5-49b5-b621-9491b07aee23,botanical_garden,2026-01-13 03:00:00,384.2,157.5,10.2,4.124,,
9f90f322-e2cc-4723-8972-8d79e5bc1629,botanical_garden,2026-01-13 03:15:00,383.7,157.7,10.1,4.124,,
804c8856-4ec5-4c2c-8e83-0082c48bfb63,botanical_garden,2026-01-13 03:30:00,384.5,157.2,10.1,4.124,,
8c0feb90-d5ee-407f-a5d9-7fce35001dcc,botanical_garden,2026-01-13 03:45:00,384.3,157.3,10.0,4.124,,
2cd1d18c-27d1-4a69-917b-b55f3161ae85,botanical_garden,2026-01-13 04:00:00,385.2,156.7,10.0,4.124,,
3fb069a2-4167-4bcb-be55-40998550ca25,botanical_garden,2026-01-13 04:15:00,385.0,157.2,9.9,4.124,,
5923c7b0-a7f5-4220-89e6-d2ac0691c749,botanical_garden,2026-01-13 04:30:00,385.0,157.3,9.9,4.124,,
1a17f0a2-adbb-4240-96ea-8106a6c644b3,botanical_garden,2026-01-13 04:45:00,383.7,156.5,9.83,4.124,,
b354de8d-eda8-4730-a510-f11d55661a92,botanical_garden,2026-01-13 05:00:00,383.7,157.5,9.8,4.124,,
c831b7c5-cd2b-4df2-8d7e-5b2d44b740da,botanical_garden,2026-01-13 05:15:00,383.2,158.3,9.78,4.124,,
3ad8715b-717a-4600-bbeb-eb83ff7a3481,botanical_garden,2026-01-13 05:30:00,383.0,157.5,9.7,4.124,,
2a3ce90b-b5bb-4580-aa6f-cacee851f622,botanical_garden,2026-01-13 05:45:00,383.0,157.7,9.7,4.124,,
85a31732-7abf-4e70-aada-2bc2a1cc90b2,botanical_garden,2026-01-13 06:00:00,383.5,156.7,9.6,4.109,,
f0d60d05-3df1-422d-b3a0-c2cb48123f00,botanical_garden,2026-01-13 06:15:00,383.8,157.0,9.6,4.124,,
a6ca1780-a403-49df-a0e6-e7f2409964b4,botanical_garden,2026-01-13 06:30:00,383.5,157.2,9.6,4.109,,
824a1446-5827-4df2-b297-ed36f6823976,botanical_garden,2026-01-13 06:45:00,384.2,155.7,9.5,4.124,,
1043cdc5-6beb-4184-acb0-0e5a91c792b8,botanical_garden,2026-01-13 07:00:00,383.8,157.5,9.5,4.124,,
5b4d65c8-dcba-4f6b-a260-9d2ddc37b77f,botanical_garden,2026-01-13 07:15:00,384.0,155.8,9.4,4.124,,
756f5bb3-1f87-4eaf-8bcf-024d28610d94,botanical_garden,2026-01-13 07:30:00,384.0,157.0,9.4,4.124,,
fbc4f3b6-8e16-4f86-a5cc-e6231e51957f,botanical_garden,2026-01-13 07:45:00,383.7,156.7,9.4,4.124,,
bd0b836d-a782-49b5-aafb-3286512908e1,botanical_garden,2026-01-13 08:00:00,383.8,155.5,9.3,4.124,,
4af53c42-d6e0-441c-b41e-ccb4bfa1b4ec,botanical_garden,2026-01-13 08:15:00,383.5,156.7,9.3,4.109,,
3df7a3ce-5902-462e-80e0-9b698f32b510,botanical_garden,2026-01-13 08:30:00,383.8,157.2,9.2,4.124,,
eb8dce16-b0f7-4f83-9a0e-8b185e902692,botanical_garden,2026-01-13 08:45:00,383.7,156.0,9.2,4.124,,
74d3c524-ff2b-4544-b417-fbd860bbc442,botanical_garden,2026-01-13 09:00:00,383.7,156.8,9.2,4.109,,
3889aeb7-7508-4dd1-b9dc-10a7e2d35fb8,botanical_garden,2026-01-13 09:15:00,383.5,156.5,9.1,4.109,,
4ed3226d-61a8-451f-b74d-ef072b39d9bc,botanical_garden,2026-01-13 09:30:00,383.0,156.5,9.1,4.109,,
a212f4d2-10eb-418e-87fe-6c5868dc0b75,botanical_garden,2026-01-13 10:00:00,383.2,156.0,9.1,4.109,,
b66c6c9e-f755-4305-ad25-3259416b0d0b,botanical_garden,2026-01-13 10:15:00,384.0,156.0,9.02,4.109,,
0bf67eac-de98-4ade-9a59-8d794315e19d,botanical_garden,2026-01-13 10:45:00,383.3,156.0,9.0,4.109,,
88af0cd6-6d15-44b3-8e8b-fa6b6d9d2a05,botanical_garden,2026-01-13 11:15:00,383.2,156.8,9.0,4.109,,
721182f7-dac6-4eba-a932-b6b1ecc15866,botanical_garden,2026-01-13 11:30:00,383.2,155.5,9.0,4.109,,
56fa79d8-c22f-46cd-8fbc-766803cf3daf,botanical_garden,2026-01-13 12:00:00,384.0,157.2,9.0,4.109,,
caf1f5e3-c201-442f-93fa-cb4c62e2d66e,botanical_garden,2026-01-13 12:15:00,384.7,155.3,9.0,4.109,,
59779717-d2fe-466e-a0df-a74a98b4849f,botanical_garden,2026-01-13 12:30:00,384.7,156.3,9.0,4.109,,
4e8a03d2-60d4-4459-9213-7ff0ee6ec5f3,botanical_garden,2026-01-13 12:45:00,384.2,156.5,9.1,4.109,,
a8b83a89-9f07-4c34-adf7-309a85f607f0,botanical_garden,2026-01-13 13:00:00,384.2,156.2,9.1,4.094,,
0c33281d-a09d-4b0f-b459-4f2a83853020,botanical_garden,2026-01-13 13:15:00,383.3,155.8,9.1,4.109,,
550a159a-b168-4364-bc52-582be5726c05,botanical_garden,2026-01-13 13:30:00,383.7,156.3,9.1,4.109,,
aaad6612-ea61-48d1-8f7a-e513f50e1734,botanical_garden,2026-01-13 13:45:00,383.8,156.3,9.0,4.109,,
31ce34d6-2b54-485c-bb62-2bcb9619830b,botanical_garden,2026-01-13 14:00:00,383.3,155.2,9.0,4.109,,
14207cb6-ef43-4caa-a661-d9d45ea8d61e,botanical_garden,2026-01-13 14:15:00,383.7,156.5,9.0,4.109,,
f7200b04-a1cc-44bc-a97b-cb4bdeec4534,botanical_garden,2026-01-13 14:30:00,383.3,156.5,8.9,4.109,,
7c2bd1dc-795f-4d8e-9cd0-71a4c98430a6,botanical_garden,2026-01-13 14:45:00,383.5,156.0,8.9,4.109,,
8df701d9-2e5d-4da0-8c0d-010a9b9af764,botanical_garden,2026-01-13 15:00:00,383.7,157.0,8.9,4.109,,
42f1385a-9a8e-44bb-a475-40ed17459398,botanical_garden,2026-01-13 15:15:00,383.2,157.0,8.8,4.094,,
7f3d8ea2-6be7-4c14-ba56-3e66d173ff37,botanical_garden,2026-01-13 15:30:00,383.3,156.0,8.8,4.094,,
047698a4-c08e-4fa4-bd67-c8f512796899,botanical_garden,2026-01-13 15:45:00,383.3,156.0,8.8,4.109,,
c8c1a1c4-84fb-4956-89b8-b24e4c6607a2,botanical_garden,2026-01-13 16:00:00,383.3,155.0,8.72,4.109,,
8c3d9e97-a8ea-4138-b9cb-5100097bdce6,botanical_garden,2026-01-13 16:15:00,383.0,156.5,8.7,4.109,,
ef965b88-e198-4aef-8aa1-d9278e4b14ca,botanical_garden,2026-01-13 16:30:00,383.2,156.5,8.7,4.109,,
8e6c929e-5cc5-4469-bd70-47dd4cf439d0,botanical_garden,2026-01-13 16:45:00,382.5,156.3,8.7,4.109,,
98534abf-7680-42d3-b9e5-6b9f66cef6b9,botanical_garden,2026-01-13 17:00:00,382.7,156.8,8.8,4.215,,
d756adf5-c8f1-42ea-a9d2-119e55e95eaf,botanical_garden,2026-01-13 17:15:00,382.0,155.7,8.8,4.215,,
3cf1958e-86a3-4481-af77-4b0c2c9aa64a,botanical_garden,2026-01-13 17:30:00,382.2,155.8,8.8,4.23,,
edde22e6-47b8-45c3-bbf3-ad320ba66696,botanical_garden,2026-01-13 17:45:00,382.2,155.7,8.9,4.245,,
9879fc7b-aa43-43f1-8955-79822ce0c4fc,botanical_garden,2026-01-13 18:00:00,381.8,156.7,8.9,4.245,,
f07a3866-1063-40ae-8bd4-801d683bda61,botanical_garden,2026-01-13 18:15:00,382.7,155.2,9.0,4.245,,
a447c681-3e45-4149-9b79-7a9652cc173c,botanical_garden,2026-01-13 18:30:00,382.0,155.3,9.1,4.23,,
f7b75c01-e75d-428d-8f84-85d743796996,botanical_garden,2026-01-13 18:45:00,382.5,155.5,9.2,4.245,,
cd6ca5a1-7aeb-468a-a84d-234d4960a772,botanical_garden,2026-01-13 19:00:00,382.0,154.0,9.3,4.23,,
8de92c69-b421-4050-a207-4e9cbc1a48be,botanical_garden,2026-01-13 19:15:00,382.7,153.7,9.4,4.23,,
3c7e1f44-32cf-4582-94e4-04787927b0ae,botanical_garden,2026-01-13 19:30:00,382.8,154.0,9.6,4.23,,
0d163142-bdf2-4379-a002-2e2567f1b841,botanical_garden,2026-01-13 19:45:00,383.2,155.0,9.7,4.245,,
597b666d-897d-4729-ab0d-f0651ce5ff13,botanical_garden,2026-01-13 20:00:00,384.8,154.7,9.9,4.245,,
4f3e6a2e-fa8b-4eaf-b25b-fa639624992c,botanical_garden,2026-01-13 20:15:00,388.2,155.7,10.0,4.23,,
e435d6a8-55ea-4b9e-add1-44dc087a6e83,botanical_garden,2026-01-13 20:30:00,394.7,156.3,10.2,4.351,,
ad302861-777c-4d63-824c-89361dd1632d,botanical_garden,2026-01-13 20:45:00,399.8,155.0,10.4,4.336,,
88d26072-21c5-4e47-8a40-47df71276980,botanical_garden,2026-01-13 21:00:00,401.2,155.7,10.6,4.336,,
7ea31ab6-9d8c-4817-a026-8145980b1204,botanical_garden,2026-01-13 21:15:00,400.3,156.8,10.9,4.336,,
06365954-a5c6-4859-913d-d561cca6f00d,botanical_garden,2026-01-13 21:30:00,398.3,156.5,11.1,4.336,,
5c3a10da-c884-489d-9558-de19b8f75fbe,botanical_garden,2026-01-13 21:45:00,395.7,157.2,11.3,4.336,,
a4a2e160-8c50-4d09-8d1a-29ddd733b761,botanical_garden,2026-01-13 22:00:00,392.2,157.5,11.4,4.336,,
2b89fd10-e2ce-471b-84ac-162bd80c2dd6,botanical_garden,2026-01-13 22:15:00,388.8,157.0,11.5,4.336,,
0168160d-e05c-46d5-a885-f5b41eca488c,botanical_garden,2026-01-13 22:30:00,387.8,156.7,11.5,4.336,,
03ffcdea-5463-4298-a5a9-f7b295608962,botanical_garden,2026-01-13 22:45:00,386.7,156.3,11.6,4.336,,
99c4f433-d2b7-4025-9f11-656a3f50a0d4,botanical_garden,2026-01-13 23:00:00,385.7,156.7,11.6,4.336,,
2af988ed-9d31-44ac-8a9b-2aff75345250,botanical_garden,2026-01-13 23:15:00,384.5,157.7,11.6,4.23,,
5b54cdc0-f9d7-4199-92bf-c1ebabc01dcc,botanical_garden,2026-01-13 23:30:00,385.2,157.7,11.68,4.336,,
5433b303-17d7-4686-ad38-bfc4a10ba40f,botanical_garden,2026-01-13 23:45:00,384.5,157.2,11.63,4.336,,
6e9ee158-c592-433f-870c-2cca9fe65d68,botanical_garden,2026-01-14 00:00:00,385.2,158.8,11.6,4.23,,
e9a54c23-52c7-41ed-9c91-7988c4abc87b,botanical_garden,2026-01-14 00:15:00,385.2,157.7,11.6,4.336,,
784620ff-2e2a-4b84-9cfb-f3cf24b621b3,botanical_garden,2026-01-14 00:30:00,384.3,157.8,11.5,4.215,,
019b26dd-adab-45bf-9a7d-f029cbe5201a,botanical_garden,2026-01-14 00:45:00,384.2,158.0,11.4,4.124,,
4404c355-2b3f-4ab0-9175-6fed3131b171,botanical_garden,2026-01-14 01:15:00,383.7,157.2,11.3,4.124,,
6caaa601-96a5-4467-a950-5958b8b6afc5,botanical_garden,2026-01-14 01:30:00,384.3,157.3,11.2,4.124,,
17fcf667-e928-4f27-81c4-ffcd670c151e,botanical_garden,2026-01-14 01:45:00,384.3,157.0,11.1,4.124,,
afc611fe-b960-49c1-8481-e0923e3cb060,botanical_garden,2026-01-14 02:00:00,384.0,157.7,11.0,4.139,,
1cd76291-00c7-4e01-884c-4d4dfe3abfa8,botanical_garden,2026-01-14 02:15:00,383.5,157.2,10.9,4.124,,
c1d6aa75-51ae-4086-926b-93a6816cd0fc,botanical_garden,2026-01-14 02:30:00,383.3,157.3,10.8,4.124,,
ef31ccce-17f8-405c-97a9-4211cf216cc0,botanical_garden,2026-01-14 02:45:00,382.8,158.2,10.7,4.124,,
068c1102-68ce-491a-849e-b65f63800dbe,botanical_garden,2026-01-14 03:00:00,383.2,157.7,10.6,4.124,,
8f272843-b72b-4ca5-bd6f-8964c95f3e1c,botanical_garden,2026-01-14 03:15:00,383.0,157.3,10.5,4.124,,
51c41ecb-f5e9-4f7f-b1b5-7a70a6b8a85b,botanical_garden,2026-01-14 03:30:00,383.2,158.2,10.5,4.124,,
6bf6ce0a-ea45-4d14-87a5-3020e7ee1633,botanical_garden,2026-01-14 03:45:00,382.7,156.8,10.4,4.124,,
ad2340dc-2768-4f31-8c7e-7eeaed9dafcd,botanical_garden,2026-01-14 04:00:00,382.7,156.8,10.3,4.124,,
351fe9be-68d9-45e2-92a3-bec63745168a,botanical_garden,2026-01-14 04:15:00,383.7,156.0,10.3,4.109,,
393e6baf-b095-438b-90a7-1c0bf2986b0c,botanical_garden,2026-01-14 04:30:00,383.2,156.7,10.2,4.124,,
e74fb651-d362-474d-b71b-3c80e5dc6f74,botanical_garden,2026-01-14 04:45:00,382.3,157.2,10.2,4.124,,
d8421aa6-2211-46b2-a8d3-854d55a55123,botanical_garden,2026-01-14 05:00:00,381.5,158.3,10.1,4.124,,
53a4215a-aa8c-464e-a2f8-8541d7f7c90f,botanical_garden,2026-01-14 05:15:00,381.2,157.7,10.1,4.124,,
be615eee-ae9f-46ee-b2cb-03e3a676e77b,botanical_garden,2026-01-14 05:30:00,381.8,156.3,10.1,4.124,,
4edfb338-32af-40a7-9465-25edcdfedac8,botanical_garden,2026-01-14 05:45:00,381.3,158.3,10.0,4.124,,
a11a4c76-fd0a-4e0a-adb2-00291f31eda2,botanical_garden,2026-01-14 06:00:00,381.2,157.3,10.0,4.124,,
9198b395-819f-4562-88d7-188ddb4c5fea,botanical_garden,2026-01-14 06:15:00,381.2,157.7,10.0,4.124,,
d979e7de-1be5-41c7-a444-be411c36e68d,botanical_garden,2026-01-14 06:30:00,381.3,158.2,9.9,4.124,,
7decd1e7-dc95-4f3f-9ba4-216797154276,botanical_garden,2026-01-14 06:45:00,381.3,158.0,9.9,4.124,,
fafcbc4c-e615-4e2d-93ae-fe527f109561,botanical_garden,2026-01-14 07:00:00,381.3,156.7,9.9,4.124,,
139d9ee8-c90e-4d03-bd1a-3d8262ce8d7e,botanical_garden,2026-01-14 07:15:00,381.8,156.2,9.87,4.124,,
98b8a321-e1b1-4e8c-b3a4-b0dfe481ebc9,botanical_garden,2026-01-14 07:30:00,381.3,157.3,9.8,4.124,,
c6e6c9c8-adfe-4e92-b3eb-3d52cdff2692,botanical_garden,2026-01-14 07:45:00,381.8,157.5,9.8,4.124,,
036b55b4-f7b9-47c8-98c4-f0c4cc7e3a88,botanical_garden,2026-01-14 08:00:00,381.5,156.5,9.8,4.124,,
bb66028b-5a53-4ec8-a7b0-a4a4740ba83a,botanical_garden,2026-01-14 08:15:00,381.7,156.8,9.8,4.124,,
4f7a71bc-7820-4132-a4ad-02d9ab50b43a,botanical_garden,2026-01-14 08:30:00,381.7,156.5,9.7,4.124,,
54b802db-4721-490a-9669-c5ef27398af7,botanical_garden,2026-01-14 08:45:00,381.8,157.0,9.7,4.124,,
9f9a0c8b-c028-4a9e-9764-e3ca01fcc538,botanical_garden,2026-01-14 09:00:00,382.2,157.2,9.7,4.124,,
5d0921db-10db-41cf-9f15-c8665aaf3a8c,botanical_garden,2026-01-14 09:15:00,382.5,158.2,9.7,4.124,,
e0127205-2a60-4278-a6f9-11dc9577e936,botanical_garden,2026-01-14 09:30:00,381.8,157.0,9.7,4.109,,
1917b214-6881-490d-9761-462818901173,botanical_garden,2026-01-14 09:45:00,382.7,156.8,9.62,4.124,,
c8f1a513-2694-4d23-9d44-b7cb8d087b68,botanical_garden,2026-01-14 10:00:00,382.5,156.3,9.6,4.124,,
a9a74e0c-efe9-4c3e-b49a-5c222dfb5a4e,botanical_garden,2026-01-14 10:15:00,383.2,157.2,9.6,4.124,,
e0d86c91-1d0d-4031-a9d4-a4578b378d17,botanical_garden,2026-01-14 10:30:00,383.0,157.0,9.6,4.124,,
f2915270-6952-47a0-9617-bfb0a919ae09,botanical_garden,2026-01-14 10:45:00,382.5,156.3,9.6,4.109,,
9015e6d4-e43b-47e6-bcc4-e86537d44e41,botanical_garden,2026-01-14 11:00:00,382.8,156.7,9.6,4.124,,
32585d28-bca3-40be-add1-787472af2d43,botanical_garden,2026-01-14 11:30:00,382.7,156.3,9.5,4.109,,
7cd9e39c-f187-4959-bf70-424d9aac701e,botanical_garden,2026-01-14 11:45:00,383.5,156.3,9.5,4.124,,
fd7c0830-37f4-4bae-825f-954f4adaac57,botanical_garden,2026-01-14 12:00:00,382.7,156.8,9.5,4.109,,
045397e5-7e47-478c-8315-6f8d6dbf6cef,botanical_garden,2026-01-14 12:15:00,383.0,157.5,9.5,4.109,,
69d41921-107f-47ab-ae0b-617855fd6aa8,botanical_garden,2026-01-14 12:30:00,382.5,158.2,9.5,4.109,,
b6892c3b-89f6-4a1b-9f46-c8e504ee2848,botanical_garden,2026-01-14 12:45:00,382.0,157.3,9.5,4.109,,
a5b75efe-3217-4591-a5e3-f82c450ff8ff,botanical_garden,2026-01-14 13:00:00,381.8,157.0,9.5,4.109,,
9842b0c6-1c24-4b3b-ac61-d1dc816ec214,botanical_garden,2026-01-14 13:15:00,381.5,156.5,9.4,4.109,,
7f5564ab-ff8d-451e-9335-809215c5a4fc,botanical_garden,2026-01-14 13:30:00,381.2,157.0,9.4,4.109,,
c181db6c-d591-41ab-a065-c977604cbec9,botanical_garden,2026-01-14 13:45:00,381.0,157.2,9.4,4.109,,
f0697067-7001-4d07-9d67-5de27d2172d1,botanical_garden,2026-01-14 14:00:00,381.3,155.8,9.4,4.124,,
c6af65ae-cacf-4139-955b-f74c4060478a,botanical_garden,2026-01-14 14:15:00,381.0,155.8,9.4,4.109,,
7f4b4ef3-47e0-4fdd-9909-c033cef3f696,botanical_garden,2026-01-14 14:30:00,381.2,156.3,9.4,4.109,,
577588fc-2d1f-4043-bde6-4f03ee327b7d,botanical_garden,2026-01-14 14:45:00,381.3,155.8,9.4,4.109,,
52abb90d-4197-4986-b0b8-e06b97469b4e,botanical_garden,2026-01-14 15:00:00,381.7,155.2,9.4,4.109,,
989f2502-9d85-4bec-b9d5-39d1f7a41e73,botanical_garden,2026-01-14 15:15:00,382.0,155.8,9.4,4.109,,
6d5de3e7-5a1a-40d6-a607-e99d77e17f90,botanical_garden,2026-01-14 15:30:00,382.5,155.8,9.3,4.109,,
2f000e63-c2f8-4403-9fcb-ab9d21fc9f7e,botanical_garden,2026-01-14 15:45:00,382.2,155.7,9.3,4.109,,
653eaa13-db89-451c-befb-4a3aafd7411e,botanical_garden,2026-01-14 16:00:00,382.3,155.5,9.3,4.094,,
8f966fca-b32e-4ae3-a643-1615cf000d6a,botanical_garden,2026-01-14 16:15:00,382.5,155.0,9.3,4.109,,
f7b9b309-5f07-47c7-a487-704d27c36436,botanical_garden,2026-01-14 16:30:00,382.3,155.2,9.3,4.109,,
dfa63c95-1c40-493b-b8fc-bffa846ba5e8,botanical_garden,2026-01-14 16:45:00,382.7,155.7,9.3,4.109,,
eb2208d4-5396-4ba4-ae2e-e36768a75736,botanical_garden,2026-01-14 17:00:00,382.3,155.8,9.3,4.215,,
87b2f334-9be5-40ac-a157-8b64e1c18415,botanical_garden,2026-01-14 17:30:00,382.0,154.7,9.3,4.23,,
0dfe3d10-c162-4d4b-aa04-d595958f4561,botanical_garden,2026-01-14 17:45:00,382.7,155.2,9.3,4.245,,
86f59023-6c5f-43dc-8dc5-dcb84837ad24,botanical_garden,2026-01-14 18:00:00,382.8,156.0,9.4,4.245,,
40c3263c-9bb9-4e03-9e38-d9771ec9027e,botanical_garden,2026-01-14 18:15:00,382.5,157.0,9.5,4.245,,
343242bc-9cd7-4023-b65f-faee73dd4136,botanical_garden,2026-01-14 18:30:00,381.7,156.7,9.6,4.23,,
0362ae68-ce26-48ba-9e8a-06256229d84b,botanical_garden,2026-01-14 18:45:00,381.7,156.0,9.73,4.23,,
d35de362-dd74-4247-8d9a-29e51b7da7fb,botanical_garden,2026-01-14 19:00:00,381.2,155.5,9.9,4.23,,
6179fc7f-08f2-4679-9bf2-fd52fd6de4c1,botanical_garden,2026-01-14 19:30:00,374.3,156.8,10.2,4.23,,
a2c567f4-dc55-4f41-9a59-419dffcef131,botanical_garden,2026-01-14 19:45:00,372.8,157.5,10.3,4.23,,
e6bee395-f921-4dec-971b-faf2495fe656,botanical_garden,2026-01-14 20:00:00,372.7,158.0,10.4,4.23,,
bd2de45c-cb9e-4df6-8a77-b8984ea85208,botanical_garden,2026-01-14 20:15:00,372.0,157.3,10.6,4.23,,
261c05c7-06e5-4828-b6f4-df411571bab7,botanical_garden,2026-01-14 20:30:00,372.3,157.0,10.7,4.336,,
86d95031-a93e-4d91-bd07-e59cc63e59ac,botanical_garden,2026-01-14 20:45:00,372.7,156.2,10.9,4.321,,
e14fb267-ca64-42f8-9c1d-6e08728b1bbe,botanical_garden,2026-01-14 21:00:00,373.5,157.0,11.1,4.336,,
827847d5-636b-4966-8752-bad6ed90d165,botanical_garden,2026-01-14 21:15:00,374.0,156.0,11.3,4.336,,
347634a6-7653-4cb7-a901-0e4c3b36edd9,botanical_garden,2026-01-14 21:30:00,374.8,156.8,11.5,4.336,,
50a61af1-42c9-48e5-af15-e04488f74f3c,botanical_garden,2026-01-14 21:45:00,376.5,156.8,11.6,4.336,,
b2db599f-60f3-400c-8d3c-c03347daec40,botanical_garden,2026-01-14 22:00:00,377.5,157.5,11.7,4.336,,
3e297f2f-3221-4621-8af0-39821923ed40,botanical_garden,2026-01-14 22:15:00,378.5,157.2,11.8,4.321,,
c66dec57-24f6-4f7f-84e1-4071b60352d7,botanical_garden,2026-01-14 22:30:00,379.0,158.0,11.8,4.336,,
edaf9fdb-e784-4eca-92fd-d0de92999c1a,botanical_garden,2026-01-14 22:45:00,379.8,157.2,11.8,4.321,,
fac4cb96-a11f-425c-a801-ec6ef14a4e04,botanical_garden,2026-01-14 23:00:00,380.7,156.5,11.8,4.321,,
b20cd7ec-c8ec-4063-8f28-3ed77c2c08af,botanical_garden,2026-01-14 23:15:00,382.2,157.2,11.8,4.23,,
65df6718-691b-4ca0-b90e-87c294fa9c06,botanical_garden,2026-01-14 23:30:00,385.3,158.0,11.8,4.336,,
7603f190-d9e6-490b-b206-ca001f202340,botanical_garden,2026-01-14 23:45:00,386.7,157.7,11.8,4.336,,
6e2054da-c898-459c-bf7e-1930b35ed4b0,botanical_garden,2026-01-15 00:00:00,387.7,158.2,11.8,4.23,,
85f5e44a-eda0-4780-a17b-630b8dac1c53,botanical_garden,2026-01-15 00:15:00,388.7,158.8,11.7,4.336,,
99aad2e5-b913-4d99-90bf-b919d270b3cc,botanical_garden,2026-01-15 00:30:00,388.5,157.3,11.7,4.215,,
c6749fac-02fd-4b04-9fbd-5156c00c3560,botanical_garden,2026-01-15 00:45:00,387.5,158.3,11.6,4.124,,
8d57bb8e-ab40-4f40-b853-663a4303e38c,botanical_garden,2026-01-15 01:00:00,386.5,158.0,11.6,4.124,,
0e575a5e-9295-47a4-85fe-4490fe15ecf9,botanical_garden,2026-01-15 01:15:00,385.3,158.3,11.5,4.124,,
25e70e62-8a2c-4d95-9f9b-7370b39cb10d,botanical_garden,2026-01-15 01:30:00,384.7,156.8,11.5,4.139,,
fe29d9c8-65d1-4763-8608-e98d0f1d57a3,botanical_garden,2026-01-15 01:45:00,383.8,158.3,11.4,4.139,,
e14a3645-b76f-4e8e-95e7-f05a6f265bc9,botanical_garden,2026-01-15 02:00:00,383.2,156.8,11.32,4.124,,
65c57e63-a90e-4ecc-9bc7-5a2f5c04c8f1,botanical_garden,2026-01-15 02:15:00,384.5,158.3,11.3,4.124,,
52ee22f3-72c8-4c7c-a078-5b6aed31963e,botanical_garden,2026-01-15 02:30:00,384.2,158.2,11.2,4.124,,
d94e7d01-847f-41e3-90c8-50a691899835,botanical_garden,2026-01-15 02:45:00,384.5,157.5,11.1,4.124,,
590ea97c-84df-4367-a01c-f03e720bf046,botanical_garden,2026-01-15 03:00:00,384.5,157.7,11.1,4.124,,
fae3ceed-8180-4206-8052-4622787d9c99,botanical_garden,2026-01-15 03:15:00,384.2,158.7,11.0,4.124,,
a57ae8af-514b-414b-a9ef-f0853a3bb92e,botanical_garden,2026-01-15 03:30:00,383.5,157.8,10.9,4.124,,
ea904471-57f1-4334-a5d8-451952f99d40,botanical_garden,2026-01-15 03:45:00,382.5,157.2,10.9,4.124,,
1128f648-33f1-46ca-bb47-4f6391303eb4,botanical_garden,2026-01-15 04:00:00,382.0,158.2,10.9,4.124,,
d5ea9c0b-104b-4ee3-992e-ea0de02024ce,botanical_garden,2026-01-15 04:15:00,380.7,157.2,10.8,4.124,,
f6a73f5e-0ae8-40af-896d-1d7f8fe378fb,botanical_garden,2026-01-15 04:30:00,380.3,158.3,10.8,4.139,,
ac97f7d5-4c0b-4ae0-b2d2-3ed729f80105,botanical_garden,2026-01-15 04:45:00,380.2,159.3,10.7,4.124,,
3a5f66da-55f2-42de-9274-272610545a74,botanical_garden,2026-01-15 05:00:00,380.0,157.7,10.7,4.124,,
8d8d5c17-5844-4b95-ab9c-b7ab21982d0d,botanical_garden,2026-01-15 05:15:00,380.5,159.0,10.7,4.124,,
6e898ced-bd2f-48d5-bb48-e4114ac07037,botanical_garden,2026-01-15 05:30:00,380.5,158.0,10.7,4.124,,
2f4cc664-79d4-4018-bc62-661168eaa0ea,botanical_garden,2026-01-15 05:45:00,380.7,157.7,10.68,4.124,,
04134d72-3751-4a6b-a768-b5225f75d15d,botanical_garden,2026-01-15 06:00:00,381.0,159.3,10.6,4.124,,
38f8cc41-8a6a-45a4-b42d-c3b9b7f2891e,botanical_garden,2026-01-15 06:15:00,380.7,158.0,10.6,4.124,,
9664cae7-59e2-4108-acec-65035d74085a,botanical_garden,2026-01-15 06:30:00,380.5,157.0,10.6,4.124,,
894a379d-2d5f-477a-ba36-509c812a4550,botanical_garden,2026-01-15 06:45:00,380.5,156.8,10.6,4.124,,
a0e5d351-d3cf-4ebc-a1bf-04cb9f095326,botanical_garden,2026-01-15 07:00:00,380.0,157.2,10.6,4.124,,
23e0a176-2260-41d1-8333-5412a68c9f98,botanical_garden,2026-01-15 07:15:00,378.7,157.5,10.6,4.124,,
0696cb5c-f65b-4524-abae-a98e60ab2e2c,botanical_garden,2026-01-15 07:30:00,377.7,156.8,10.5,4.124,,
603279ff-3fb8-4b6b-b28c-b4bd1ceb379a,botanical_garden,2026-01-15 07:45:00,377.2,157.7,10.5,4.124,,
de2664a0-a0b9-4f10-ad46-88f05e8dc1ec,botanical_garden,2026-01-15 08:00:00,377.8,157.2,10.5,4.124,,
a1d81118-6e17-4b88-8809-d2168386c1a3,botanical_garden,2026-01-15 08:15:00,377.7,157.3,10.5,4.124,,
144c3361-4843-4cd1-aa8f-b31804b2242d,botanical_garden,2026-01-15 08:30:00,376.5,156.3,10.4,4.124,,
29cbade7-886d-4452-9097-7262c893cdcd,botanical_garden,2026-01-15 08:45:00,376.2,158.0,10.4,4.124,,
b9940066-3f98-4709-b0d0-13e922b6f296,botanical_garden,2026-01-15 09:00:00,375.8,157.3,10.4,4.124,,
a25952b0-693e-40cd-a6ca-c65b2c85ab1e,botanical_garden,2026-01-15 09:15:00,375.7,158.3,10.4,4.124,,
bdbb621d-b7bb-4a7d-8572-8b1b29f58783,botanical_garden,2026-01-15 09:30:00,376.2,156.7,10.3,4.124,,
cab118df-9019-434d-9df1-8c5f41cbaaad,botanical_garden,2026-01-15 09:45:00,377.8,156.8,10.3,4.139,,
4845ce09-d418-419a-a4e6-5f9df9ee3f21,botanical_garden,2026-01-15 10:00:00,378.3,157.2,10.3,4.109,,
58e40a96-7acf-4e26-a7d1-4dafb99ef372,botanical_garden,2026-01-15 10:15:00,378.7,157.2,10.23,4.124,,
cfe2a610-47c2-4d24-9d78-1f2932086d5c,botanical_garden,2026-01-15 10:30:00,379.3,156.8,10.2,4.124,,
400edf54-2af6-4c37-aa8c-5d4acc8eb87d,botanical_garden,2026-01-15 10:45:00,379.7,157.5,10.2,4.124,,
5873dfc4-ac8a-4bf6-94ef-546794decff2,botanical_garden,2026-01-15 11:00:00,379.8,156.8,10.2,4.124,,
dc510ac4-8112-4081-9e59-f89cf88b520b,botanical_garden,2026-01-15 11:15:00,380.2,156.8,10.1,4.124,,
6dacb903-123a-4244-814b-2c0b91592495,botanical_garden,2026-01-15 11:30:00,380.7,157.3,10.1,4.124,,
0eb4cb85-f121-4973-9747-d2d10e7fcd70,botanical_garden,2026-01-15 11:45:00,381.0,157.0,10.1,4.109,,
3208acff-fe4c-4d25-bebb-91395339cea0,botanical_garden,2026-01-15 12:00:00,380.8,156.7,10.0,4.124,,
d3e8905b-788e-4915-84dd-b88d7c742e21,botanical_garden,2026-01-15 12:15:00,381.3,157.0,10.0,4.109,,
753f64fb-ba1e-459d-bd8b-b28dcc4c544d,botanical_garden,2026-01-15 12:30:00,381.2,156.5,10.0,4.124,,
5026adfc-d23a-4519-81f8-00788f6604c0,botanical_garden,2026-01-15 12:45:00,381.3,156.2,9.9,4.124,,
5f6d9a85-cd1f-4687-922b-a22a2f6fb2b6,botanical_garden,2026-01-15 13:00:00,381.2,156.3,9.9,4.109,,
cc56577f-6264-4919-aa07-9582740e63ce,botanical_garden,2026-01-15 13:15:00,381.5,157.7,9.9,4.109,,
c9700992-878f-4b58-aa8a-fa9237f6b20e,botanical_garden,2026-01-15 13:30:00,381.5,156.2,9.9,4.124,,
34dc7f6a-e266-4535-9732-594b2058f004,botanical_garden,2026-01-15 13:45:00,381.8,156.0,9.8,4.109,,
12152321-97ce-406c-aecf-eb1682befe1e,botanical_garden,2026-01-15 14:00:00,381.7,156.8,9.8,4.124,,
81032ee3-2b56-430e-929c-90ac00161a85,botanical_garden,2026-01-15 14:15:00,382.2,156.2,9.8,4.109,,
5376a012-f05b-4150-b174-3343d23123c7,botanical_garden,2026-01-15 14:30:00,382.0,156.7,9.7,4.109,,
ae4e579f-af33-4e58-98af-01d037d959e0,botanical_garden,2026-01-15 14:45:00,381.8,156.8,9.7,4.109,,
ebae8193-369d-4a90-8dd1-cba82abe1d70,botanical_garden,2026-01-15 15:00:00,382.0,156.5,9.7,4.109,,
00c4b1f0-48dc-4675-9dbb-5fc12b4e1d1e,botanical_garden,2026-01-15 15:15:00,381.2,157.8,9.7,4.109,,
27ea1470-8c12-40a1-978a-b98c1e85bbbe,botanical_garden,2026-01-15 15:30:00,381.0,157.5,9.6,4.124,,
ef66499e-0da1-4ff7-aad9-06fffd69b7b2,botanical_garden,2026-01-15 15:45:00,381.3,157.7,9.6,4.109,,
336f92f9-ba1f-45dc-bf69-96e0116a4e53,botanical_garden,2026-01-15 16:00:00,381.3,156.0,9.6,4.109,,
3a614263-1c21-4bd8-baaa-e744e11a56c6,botanical_garden,2026-01-15 16:15:00,381.3,157.0,9.6,4.109,,
da17c464-c47f-4b4c-94bf-3ca216f606c7,botanical_garden,2026-01-15 16:30:00,381.2,156.0,9.6,4.109,,
a1eb0047-6079-4e9f-8b99-626130dbc32c,botanical_garden,2026-01-15 16:45:00,381.2,156.2,9.6,4.124,,
e7f5fa97-5dd4-469a-a5d2-cc9fe4fc836d,botanical_garden,2026-01-15 17:00:00,381.7,156.8,9.6,4.215,,
cdda6bef-a114-411a-b69e-d30bb8b1724a,botanical_garden,2026-01-15 17:15:00,381.2,156.7,9.6,4.215,,
3c455c95-21df-46e7-a755-1fbecfd7bb94,botanical_garden,2026-01-15 17:30:00,381.0,157.3,9.7,4.23,,
fa42bfd1-7931-466f-8a9a-0969ada62564,botanical_garden,2026-01-15 18:00:00,381.7,156.3,9.8,4.23,,
fa5a0487-bcc7-4d09-8589-a577d6a3723e,botanical_garden,2026-01-15 18:30:00,381.5,157.0,10.1,4.23,,
997da4ca-9839-46de-96ed-f6be7c37b694,botanical_garden,2026-01-15 18:45:00,381.3,156.7,10.2,4.23,,
907f98fd-b14b-4abf-a9e9-01c4e8b1f999,botanical_garden,2026-01-15 19:00:00,381.0,156.3,10.4,4.245,,
e6bc8b49-c9a1-4b7f-9f8f-9ec89fe22b36,botanical_garden,2026-01-15 19:15:00,381.3,156.8,10.5,4.23,,
6c60bd33-01da-4ff1-874a-c8aae3964983,botanical_garden,2026-01-15 19:30:00,380.8,155.7,10.7,4.23,,
3c578c1d-b670-4114-a771-24501cc36507,botanical_garden,2026-01-15 19:45:00,381.0,156.7,10.82,4.321,,
26e5f425-18db-425d-84af-c120874f6ef0,botanical_garden,2026-01-15 20:00:00,380.5,156.2,11.0,4.336,,
ca918958-34e5-4463-a83d-74b69ef269d2,botanical_garden,2026-01-15 20:15:00,380.8,155.7,11.2,4.336,,
1f150a51-1e48-4c24-aedb-c29ad8fdaa21,botanical_garden,2026-01-15 20:30:00,380.8,157.2,11.3,4.336,,
afa7885d-4566-4c95-9018-aa83e286d0c0,botanical_garden,2026-01-15 20:45:00,380.5,156.7,11.5,4.336,,
84efafdb-f406-49fe-a760-732ffa144303,botanical_garden,2026-01-15 21:00:00,380.5,157.0,11.7,4.336,,
a97585f9-210c-4f61-a814-0bbf27b984e3,botanical_garden,2026-01-15 21:15:00,381.0,157.0,11.9,4.336,,
c79300b6-d727-49ca-aa12-f0b8967e41e3,botanical_garden,2026-01-15 21:30:00,381.2,156.0,12.1,4.336,,
f25f4e64-4188-408b-9bc6-e07fdc40e5ac,botanical_garden,2026-01-15 21:45:00,381.0,158.0,12.3,4.336,,
afb1a962-0b1e-43bf-b6f8-826547097f72,botanical_garden,2026-01-15 22:00:00,382.2,158.0,12.4,4.336,,
0c1166a7-813e-4675-a6f5-bead704d97de,botanical_garden,2026-01-15 22:15:00,382.3,158.8,12.4,4.336,,
5a75f4d2-dc36-47fa-98ba-10e68e9d345e,botanical_garden,2026-01-15 22:30:00,382.5,158.2,12.42,4.321,,
c9741242-b555-4900-9eac-d1df181bc77d,botanical_garden,2026-01-15 22:45:00,382.0,158.5,12.5,4.321,,
b3b58ada-8495-4e14-8390-d5ef0a4e0cb6,botanical_garden,2026-01-15 23:00:00,382.5,157.8,12.5,4.336,,
2d69fa3f-6be2-4421-a771-fba6792efd20,botanical_garden,2026-01-15 23:15:00,382.5,158.2,12.5,4.336,,
378be18b-c6c8-4c22-977a-d62431d52caf,botanical_garden,2026-01-15 23:30:00,382.7,158.8,12.5,4.336,,
202888dd-de55-4caa-97d2-6379ef3ff6ca,botanical_garden,2026-01-15 23:45:00,382.2,158.5,12.5,4.321,,
c1683f3a-51b5-4453-a194-8f0b802913bc,botanical_garden,2026-01-16 00:00:00,381.5,159.0,12.4,4.23,,
93709d08-e9b9-452a-a408-bd8e634e2f6e,botanical_garden,2026-01-16 00:15:00,381.5,159.3,12.4,4.336,,
727b59eb-7c18-4660-af13-fb480643d49c,botanical_garden,2026-01-16 00:30:00,380.8,158.3,12.3,4.215,,
75dcc550-0aa1-4171-b6ca-9528e3347687,botanical_garden,2026-01-16 00:45:00,380.7,158.0,12.2,4.124,,
1afd3f84-cca1-40f8-9207-e4da2bef4c0f,botanical_garden,2026-01-16 01:00:00,380.7,157.0,12.2,4.124,,
d3e6bdb2-ca22-4a30-ac40-688c3ff7c605,botanical_garden,2026-01-16 01:15:00,381.2,157.5,12.1,4.124,,
ef1fd11f-8645-4584-a4cb-d1b8fa560be9,botanical_garden,2026-01-16 01:30:00,381.0,157.3,12.0,4.124,,
5b2b66a9-fdec-4943-a6c8-5460b1bd6b61,botanical_garden,2026-01-16 01:45:00,381.3,157.5,11.9,4.139,,
0e86725b-e7c5-4082-919d-ae5b7a281675,botanical_garden,2026-01-16 02:00:00,381.0,157.3,11.9,4.124,,
a3f7bcbf-9b36-46c5-81df-709b755f5042,botanical_garden,2026-01-16 02:15:00,381.3,156.5,11.8,4.124,,
734e8b38-3600-4e51-93ba-1264f05e04ee,botanical_garden,2026-01-16 02:30:00,381.2,156.3,11.7,4.124,,
114ba139-9c26-462d-bf99-bc3a97a49987,botanical_garden,2026-01-16 02:45:00,381.0,156.3,11.7,4.124,,
abf096e9-2262-4a41-80c4-babd71663880,botanical_garden,2026-01-16 03:00:00,381.2,157.3,11.6,4.124,,
7d3dd53b-3b03-451d-a82a-2cac837dcc4a,botanical_garden,2026-01-16 03:15:00,380.5,157.8,11.5,4.124,,
a2b900f9-eafc-4513-8f35-47bddca0cf78,botanical_garden,2026-01-16 03:30:00,380.7,155.7,11.5,4.124,,
3ab813ca-5cc8-438e-be77-f18f8eccd82b,botanical_garden,2026-01-16 03:45:00,380.8,155.0,11.4,4.124,,
84c9d9f9-1dc5-4194-9edd-4ec4a4c90b5e,botanical_garden,2026-01-16 04:00:00,380.5,156.0,11.3,4.124,,
b8f29c5d-6b2c-4cdc-b1b3-08fdabc29f3a,botanical_garden,2026-01-16 04:15:00,379.8,155.8,11.3,4.109,,
2227f2e2-4187-459f-b1d3-1dbb3f170943,botanical_garden,2026-01-16 04:30:00,380.7,155.8,11.2,4.109,,
8907995d-e5ad-4f54-9f91-ca7ba7b6a951,botanical_garden,2026-01-16 04:45:00,380.7,156.8,11.2,4.124,,
60c6ab9d-bdc9-417a-8d1c-068284ccf177,botanical_garden,2026-01-16 05:00:00,380.5,157.3,11.1,4.124,,
1fe4bfdf-49be-438b-8618-e553e0328a08,botanical_garden,2026-01-16 05:15:00,380.3,156.8,11.1,4.139,,
179b3255-ef95-46f7-b1a9-2a269dc9366f,botanical_garden,2026-01-16 05:30:00,380.5,156.8,11.0,4.124,,
3ab42851-9abf-4301-8647-916385e9b4f2,botanical_garden,2026-01-16 05:45:00,380.2,156.7,11.0,4.124,,
c60abd01-0396-4070-a4bd-45f09282ce1a,botanical_garden,2026-01-16 06:00:00,380.5,155.7,11.0,4.124,,
8724e4e1-f48a-4bc7-8542-a59655714999,botanical_garden,2026-01-16 06:15:00,380.3,156.2,10.9,4.124,,
0ff0b1ee-bf31-4012-8884-cba5085a607e,botanical_garden,2026-01-16 06:30:00,380.3,156.2,10.9,4.124,,
0daca7a0-11b2-4671-b72a-521c0016d001,botanical_garden,2026-01-16 06:45:00,380.5,156.7,10.9,4.124,,
b1d67548-cdfc-4910-8615-fbf5cc039620,botanical_garden,2026-01-16 07:00:00,380.7,156.8,10.8,4.124,,
84184d0a-deb1-4a88-b0d4-300f0e285514,botanical_garden,2026-01-16 07:15:00,380.0,157.0,10.8,4.124,,
aeed139e-cffc-4ab5-96b7-dcecf8286b18,botanical_garden,2026-01-16 07:30:00,380.2,156.2,10.8,4.124,,
234d15e1-3fc7-4ffc-a364-8f767b095615,botanical_garden,2026-01-16 07:45:00,380.0,156.3,10.7,4.124,,
89c811f0-2ae3-4768-9bac-cefd3b8fc20c,botanical_garden,2026-01-16 08:00:00,379.5,156.3,10.7,4.124,,
5557b7b1-abae-42ba-b786-2b622c34187d,botanical_garden,2026-01-16 08:15:00,379.5,156.2,10.7,4.124,,
851fe567-902f-44f6-a580-93ed4266a2e2,botanical_garden,2026-01-16 08:30:00,379.8,155.7,10.6,4.109,,
b6cdc45d-e829-4709-bdcf-7e86f44bc51a,botanical_garden,2026-01-16 08:45:00,379.7,155.2,10.6,4.124,,
e7220f29-81be-4341-816b-01ff80378c2a,botanical_garden,2026-01-16 09:00:00,380.3,155.8,10.6,4.124,,
439179bb-e323-4b02-9251-ce0bc6afcfc6,botanical_garden,2026-01-16 09:15:00,380.5,156.2,10.58,4.124,,
f18ec045-f10f-4635-a05a-a1f65de09d6f,botanical_garden,2026-01-16 09:30:00,380.2,155.7,10.5,4.124,,
b5a62a27-00e6-4248-bb91-1b6baf8b6ee9,botanical_garden,2026-01-16 09:45:00,380.7,156.2,10.5,4.124,,
1345ce04-06db-480e-a042-367bbd51b5a5,botanical_garden,2026-01-16 10:00:00,380.8,155.7,10.5,4.124,,
f4aaa6fa-e742-49de-a8f1-e750b68eb78d,botanical_garden,2026-01-16 10:15:00,381.2,155.8,10.43,4.124,,
e883cf6a-bfb2-4937-a380-745129811c5f,botanical_garden,2026-01-16 10:30:00,380.8,156.3,10.4,4.124,,
4b338c44-1240-4b13-8a36-314ee623ed93,botanical_garden,2026-01-16 10:45:00,380.8,155.8,10.4,4.124,,
dcbd2a92-5f6a-438a-a5be-7aa8f37a5a5b,botanical_garden,2026-01-16 11:00:00,380.8,155.8,10.4,4.124,,
8793ffa8-06e3-4c75-b2d7-43310630e032,botanical_garden,2026-01-16 11:15:00,381.3,156.3,10.4,4.124,,
d0d7cfa4-66f1-4afe-b5b0-47bcd13642ec,botanical_garden,2026-01-16 11:30:00,381.3,156.2,10.4,4.124,,
e18529c4-0c61-4556-80b9-f8d311d0948f,botanical_garden,2026-01-16 11:45:00,381.0,156.2,10.4,4.124,,
372ab0ba-7795-42e1-a56d-ad1fcc6332d5,botanical_garden,2026-01-16 12:00:00,381.2,155.5,10.4,4.124,,
524a4cde-de94-4ae1-84c3-8e0a0def91f6,botanical_garden,2026-01-16 12:15:00,381.2,156.3,10.4,4.109,,
5cc151fe-d979-46fe-92d7-a8c7effccf89,botanical_garden,2026-01-16 12:30:00,381.3,156.7,10.5,4.109,,
92cf8d5b-18d8-4391-bf28-58b927b8695d,botanical_garden,2026-01-16 12:45:00,381.3,157.0,10.5,4.124,,
4554a86e-6650-48c7-ba27-34de2e933f42,botanical_garden,2026-01-16 13:00:00,381.5,156.3,10.5,4.109,,
9ed73cdf-4acd-4931-bc69-0db270f87ecb,botanical_garden,2026-01-16 13:15:00,381.3,155.8,10.5,4.109,,
ed4cc297-f631-4c63-ad25-50898ebd312f,botanical_garden,2026-01-16 13:30:00,381.2,156.0,10.5,4.109,,
70122a2a-c7ae-427e-9a10-f963153f5d1d,botanical_garden,2026-01-16 13:45:00,381.7,155.2,10.5,4.109,,
35824d2b-5d09-4d33-b56a-ee3f577b54d8,botanical_garden,2026-01-16 14:00:00,381.3,157.3,10.5,4.109,,
d7c3c3cd-1b42-4b16-acf6-909927d917df,botanical_garden,2026-01-16 14:15:00,380.8,157.7,10.5,4.109,,
1e7841a7-b64c-4fea-b695-8fa9a7b8077c,botanical_garden,2026-01-16 14:30:00,381.2,157.3,10.5,4.109,,
27088ea5-7835-4582-8dbc-097c27078bd6,botanical_garden,2026-01-16 14:45:00,381.2,156.2,10.5,4.109,,
be1dae62-adb1-430f-a07a-b07aa0f3855c,botanical_garden,2026-01-16 15:00:00,381.3,156.3,10.5,4.109,,
94abab90-7ce4-4232-9186-07435dc70c69,botanical_garden,2026-01-16 15:15:00,381.5,157.3,10.5,4.109,,
edfa9ffc-f70f-4d32-ac5e-4ec2c89719d8,botanical_garden,2026-01-16 15:30:00,381.5,156.8,10.5,4.124,,
11de4c25-73e0-473f-9b15-269c062d26b6,botanical_garden,2026-01-16 15:45:00,382.7,157.2,10.5,4.109,,
d58568fa-5997-4c13-93e5-32eb6190830a,botanical_garden,2026-01-16 16:00:00,382.3,157.0,10.5,4.109,,
b0c09976-d9c3-4dfd-9264-6e233c0f64c7,botanical_garden,2026-01-16 16:15:00,382.3,157.0,10.42,4.109,,
6733800f-61d8-4fcf-ac21-f31330a4b3c6,botanical_garden,2026-01-16 16:30:00,381.8,158.0,10.4,4.109,,
4f2a7d4e-abd0-4618-a49d-0b7453976720,botanical_garden,2026-01-16 16:45:00,381.2,156.0,10.4,4.109,,
5fb4427a-a7b8-4a2c-aeeb-4c22f3d82c5c,botanical_garden,2026-01-16 17:00:00,381.3,155.5,10.45,4.2,,
471d5321-7fa8-4fc5-9fec-0c795a9d1afd,botanical_garden,2026-01-16 17:15:00,380.8,155.0,10.5,4.215,,
d74a5290-2844-4019-a860-6d6b940f3736,botanical_garden,2026-01-16 17:30:00,380.7,157.2,10.5,4.245,,
0432750d-704b-4c14-8104-103c5e6b985b,botanical_garden,2026-01-16 17:45:00,380.8,157.0,10.5,4.23,,
735ba690-925b-4392-a1c0-a76c19bbb8a1,botanical_garden,2026-01-16 18:00:00,381.0,156.2,10.5,4.23,,
9c1ce6f2-ff63-4b2b-8ade-c43632981663,botanical_garden,2026-01-16 18:15:00,380.7,157.2,10.6,4.23,,
31b3eeed-47a9-41e3-8bb5-271e5505de2a,botanical_garden,2026-01-16 18:30:00,381.2,156.0,10.6,4.23,,
d17fd4ce-eb85-4416-976d-6492ad9eb854,botanical_garden,2026-01-16 18:45:00,381.5,156.2,10.7,4.23,,
d064a5f5-1e8c-416b-9182-bda7aec6f2c0,botanical_garden,2026-01-16 19:00:00,381.3,156.5,10.8,4.23,,
33a27c09-73a8-48a5-801b-63b9f74dacc1,botanical_garden,2026-01-16 19:15:00,381.2,155.5,10.9,4.245,,
c4913335-7f61-41eb-86ed-f608740e55bd,botanical_garden,2026-01-16 19:30:00,381.2,156.2,11.0,4.23,,
52960736-1340-4a1c-bee1-c7c84f0c2fab,botanical_garden,2026-01-16 19:45:00,380.7,156.0,11.1,4.23,,
54dd0152-713b-46b9-8122-b57ccddd7b15,botanical_garden,2026-01-16 20:00:00,381.0,154.8,11.2,4.23,,
af05ce8d-b04c-4623-ab56-5507cb1ce822,botanical_garden,2026-01-16 20:15:00,381.2,157.2,11.3,4.336,,
e3ba9d49-84c7-470e-84c2-4a1c24955288,botanical_garden,2026-01-16 20:30:00,381.3,155.5,11.4,4.336,,
22632493-886e-4815-9e43-1a8711857069,botanical_garden,2026-01-16 20:45:00,382.0,155.7,11.5,4.321,,
d617b07f-c62d-4b59-8dfe-3dca0b6daf21,botanical_garden,2026-01-16 21:00:00,383.2,155.5,11.7,4.336,,
1da8be02-3fe1-4a52-a657-c7b365048bae,botanical_garden,2026-01-16 21:15:00,384.2,155.7,11.9,4.336,,
35f55a47-8216-425c-94c7-88ce34dd2bba,botanical_garden,2026-01-16 21:30:00,384.5,156.5,12.1,4.336,,
202f9a9b-72cc-44a3-820e-d0a55263cef0,botanical_garden,2026-01-16 21:45:00,384.7,156.5,12.2,4.336,,
84540e2e-f7a7-4a39-bb11-305a583ec94d,botanical_garden,2026-01-16 22:00:00,384.2,156.7,12.3,4.336,,
32073933-5e83-44ea-9699-c3192f73667c,botanical_garden,2026-01-16 22:15:00,383.8,157.7,12.4,4.336,,
b133cd39-a008-4f98-9848-ecfb9b4357e1,botanical_garden,2026-01-16 22:30:00,383.0,157.3,12.32,4.336,,
c677e39e-66f8-4ff5-9962-8b0a73686da4,botanical_garden,2026-01-16 23:15:00,381.8,156.8,12.4,4.23,,
f316e0d6-c0bc-407f-84fd-b481bd9f2d33,botanical_garden,2026-01-16 23:30:00,381.0,157.0,12.4,4.336,,
0612b33f-9f0c-4c2c-a100-861711ee3143,botanical_garden,2026-01-16 23:45:00,381.5,156.8,12.32,4.336,,
5948c24c-d54c-4b70-8f13-8b7a7e57b700,botanical_garden,2026-01-17 00:00:00,381.0,157.5,12.3,4.245,,
a6588753-308c-41d9-9977-93591fbe14ad,botanical_garden,2026-01-17 00:15:00,380.7,157.2,12.2,4.23,,
a5cca3d9-a8bd-4312-8526-b69c90ef4344,botanical_garden,2026-01-17 00:30:00,380.7,157.8,12.2,4.2,,
25984396-e183-452b-b158-1543e35ddf59,botanical_garden,2026-01-17 00:45:00,380.3,158.2,12.1,4.139,,
d4437328-0903-4e9c-980b-3d4d87167053,botanical_garden,2026-01-17 01:00:00,380.2,157.8,12.1,4.124,,
7b88652c-7be5-4bc0-be69-e6db3fd432b1,botanical_garden,2026-01-17 01:15:00,380.0,157.5,12.0,4.139,,
c531c777-9007-4942-bdb2-111b5cbdd338,botanical_garden,2026-01-17 01:30:00,380.2,158.0,11.9,4.124,,
bb30c177-8594-4b75-b023-fc27e73a383d,botanical_garden,2026-01-17 01:45:00,379.0,158.2,11.9,4.139,,
e5188025-d173-46e9-ae1a-1f592c4ccd8c,botanical_garden,2026-01-17 02:00:00,379.3,157.8,11.8,4.124,,
437328b0-2971-4ef8-be0b-d689b5f22757,botanical_garden,2026-01-17 02:15:00,379.7,157.0,11.7,4.124,,
2c41cae9-52ea-41a2-ad42-f6876f51b136,botanical_garden,2026-01-17 02:30:00,379.5,157.2,11.6,4.124,,
a41b41f3-4fd5-434d-9651-7125a4fd888f,botanical_garden,2026-01-17 02:45:00,379.3,156.2,11.5,4.139,,
a4f3f76a-308a-41e2-ac4c-0f5fbf4d809c,botanical_garden,2026-01-17 03:00:00,379.3,157.8,11.5,4.124,,
775c92f2-cbcc-4a06-8edf-886b16a76ce6,botanical_garden,2026-01-17 03:15:00,379.3,157.0,11.4,4.124,,
7f2cb6a6-da6f-48e1-bbec-dd4ef46c73ba,botanical_garden,2026-01-17 03:30:00,379.2,156.7,11.3,4.124,,
8e462d8a-d82b-4191-8ab9-bd5a4c904fdb,botanical_garden,2026-01-17 03:45:00,379.0,157.8,11.2,4.124,,
709739fd-aadf-4e49-a461-65f25ee088be,botanical_garden,2026-01-17 04:00:00,378.5,157.0,11.2,4.124,,
f19cbe30-7d94-40fe-8d80-d7f257e1805b,botanical_garden,2026-01-17 04:15:00,379.0,157.8,11.1,4.124,,
694f073b-08a4-403a-ba3d-b6007a6f58b0,botanical_garden,2026-01-17 04:30:00,378.7,156.3,11.1,4.124,,
83e64c18-bd26-46fc-a01d-20e51b48cca9,botanical_garden,2026-01-17 04:45:00,378.7,157.8,11.0,4.124,,
9caaad75-bc2c-44e4-910a-1892b59ba93d,botanical_garden,2026-01-17 05:00:00,379.3,157.0,10.9,4.124,,
ab95be82-fa7c-41f7-a677-3e445d916a1b,botanical_garden,2026-01-17 05:15:00,379.0,157.0,10.9,4.124,,
b2b74c96-29ce-43c8-a3d3-afd1f6644c35,botanical_garden,2026-01-17 05:30:00,378.7,157.3,10.8,4.124,,
bd31b26b-353e-41f3-818e-1e957daf7828,botanical_garden,2026-01-17 05:45:00,379.0,157.3,10.8,4.124,,
58e7136e-6ba9-489e-b993-1c245a1c6629,botanical_garden,2026-01-17 06:00:00,378.8,156.8,10.7,4.124,,
20829226-f173-405e-8a9b-b164ed1af04e,botanical_garden,2026-01-17 06:15:00,379.3,157.5,10.7,4.124,,
886c4291-fcf9-469a-ab65-e1eab8947200,botanical_garden,2026-01-17 06:30:00,379.3,156.3,10.7,4.124,,
22315af7-32d4-4342-9e22-4fcec2afeea0,botanical_garden,2026-01-17 06:45:00,379.7,156.3,10.6,4.124,,
7e77732a-202b-4ff8-88c4-13c098f4fb69,botanical_garden,2026-01-17 07:00:00,379.3,156.7,10.6,4.124,,
7cfa5104-3189-43c9-815f-0bac852a9826,botanical_garden,2026-01-17 07:15:00,379.3,156.8,10.52,4.124,,
ab477f78-cb5a-4aff-9632-120844370437,botanical_garden,2026-01-17 07:30:00,379.5,156.5,10.5,4.109,,
75b71728-253c-42f4-8ee9-95d23db7514a,botanical_garden,2026-01-17 07:45:00,379.3,155.8,10.5,4.124,,
21901d25-3be6-4637-8068-e75b47affc51,botanical_garden,2026-01-17 08:00:00,379.3,155.8,10.47,4.124,,
eb58d986-9175-44ed-9710-cd6e7b845415,botanical_garden,2026-01-17 08:15:00,379.2,156.0,10.4,4.124,,
803b3bb5-7639-4826-b8ea-4523a538cf15,botanical_garden,2026-01-17 08:30:00,379.2,156.5,10.4,4.124,,
ef410ec6-4ebe-435e-b909-5a25d103c446,botanical_garden,2026-01-17 08:45:00,379.2,156.2,10.4,4.124,,
6e48fe00-24dd-4e25-87ea-e87105e91d02,botanical_garden,2026-01-17 09:00:00,379.5,156.0,10.4,4.109,,
b672b227-c85e-490b-9e22-02bce6696a71,botanical_garden,2026-01-17 09:15:00,378.5,155.7,10.3,4.124,,
fa19db2c-df71-4b43-a2e7-5bb6b58fdc95,botanical_garden,2026-01-17 09:30:00,378.0,155.3,10.3,4.124,,
398fe536-82d9-49a8-8558-048a4d998951,botanical_garden,2026-01-17 09:45:00,378.0,155.7,10.3,4.124,,
0428d104-a672-436d-8079-4bd974e94c97,botanical_garden,2026-01-17 10:00:00,377.8,154.2,10.3,4.124,,
9c5851ea-9de9-4eb3-9711-7fec881c3389,botanical_garden,2026-01-17 10:15:00,377.8,155.7,10.3,4.124,,
1dffd1ab-2b52-4ffe-b4e2-e5649b84ba57,botanical_garden,2026-01-17 10:30:00,376.8,155.3,10.2,4.124,,
0a2d6456-4b86-4c41-97b2-45866d09e42a,botanical_garden,2026-01-17 10:45:00,376.8,155.7,10.2,4.124,,
7760cb18-8bc4-48f9-b52f-a83d9a0a5299,botanical_garden,2026-01-17 11:00:00,377.0,157.5,10.2,4.124,,
32c55aac-22e2-455e-8f33-7a52e0e2745d,botanical_garden,2026-01-17 11:15:00,377.3,156.3,10.2,4.109,,
3ef1e356-1b7e-4d37-8a18-ec0221d125d1,botanical_garden,2026-01-17 11:30:00,376.3,156.5,10.2,4.124,,
da43e576-b41e-4df7-8ba0-f402ff5d3225,botanical_garden,2026-01-17 11:45:00,376.3,158.2,10.2,4.109,,
fd0a20e0-74eb-4ce4-9b28-6446c0cec642,botanical_garden,2026-01-17 12:00:00,376.3,155.2,10.2,4.124,,
da11c849-277d-4b36-b8f0-40724884aa40,botanical_garden,2026-01-17 12:15:00,376.2,156.0,10.2,4.109,,
7deb299b-1514-4fc3-862a-8dc38629b112,botanical_garden,2026-01-17 12:30:00,376.2,155.2,10.27,4.124,,
56158a97-d270-4189-9cb0-f9b9fc4b5d1a,botanical_garden,2026-01-17 12:45:00,376.7,155.8,10.3,4.109,,
5342429a-cce2-4ae7-8136-d26911b3ca80,botanical_garden,2026-01-17 13:00:00,376.8,155.3,10.3,4.124,,
d898b5e6-674e-41e5-ab23-aa5d3b28a601,botanical_garden,2026-01-17 13:15:00,377.2,156.2,10.3,4.109,,
5c412df2-9f0c-41c2-b196-4b556d6bd537,botanical_garden,2026-01-17 13:30:00,377.2,155.7,10.3,4.124,,
a04bae86-3c16-4674-ad24-607636958493,botanical_garden,2026-01-17 13:45:00,377.2,155.5,10.3,4.109,,
12312e28-eb02-492e-b08a-d741857e1a83,botanical_garden,2026-01-17 14:00:00,378.0,156.5,10.3,4.109,,
ef2d8adf-f11c-43a2-90f0-f9780c9f7b03,botanical_garden,2026-01-17 14:15:00,378.2,156.2,10.3,4.109,,
cb70a0c7-3a70-4042-8676-1cc90df7963c,botanical_garden,2026-01-17 14:30:00,378.7,156.0,10.3,4.109,,
e20a4698-f911-4467-8cd9-eab932548c41,botanical_garden,2026-01-17 14:45:00,379.0,155.7,10.3,4.109,,
47174a6a-a273-40d6-b002-051774792ef3,botanical_garden,2026-01-17 15:00:00,379.2,155.0,10.3,4.109,,
962c5248-52e8-4aba-b00b-33fcb2f04104,botanical_garden,2026-01-17 15:15:00,379.3,154.8,10.3,4.109,,
fbb7c63a-86c5-4077-a843-417f9e2b536a,botanical_garden,2026-01-17 15:30:00,379.7,155.3,10.2,4.109,,
de1cb9af-f781-4fd5-8715-e38f8c174888,botanical_garden,2026-01-17 15:45:00,379.3,155.5,10.2,4.109,,
29748ec1-fbd8-4900-82ce-99c7ab69b38a,botanical_garden,2026-01-17 16:00:00,380.0,155.7,10.2,4.109,,
a0a77b7f-0884-477c-96eb-f73b151f4570,botanical_garden,2026-01-17 16:15:00,380.2,155.8,10.2,4.215,,
dc5f2351-956a-4a75-8645-cd885ed918bd,botanical_garden,2026-01-17 16:30:00,379.8,155.5,10.2,4.215,,
8802228b-f27d-4693-862a-936c4a3fb508,botanical_garden,2026-01-17 16:45:00,380.3,155.3,10.2,4.215,,
c8e6f067-a9a9-4c17-9b96-d25cc061df76,botanical_garden,2026-01-17 17:00:00,380.5,155.8,10.2,4.23,,
f4f50967-033b-4471-a4fa-678bba06aab1,botanical_garden,2026-01-17 17:15:00,380.0,155.2,10.3,4.23,,
4e3668eb-0780-43a8-8417-a882f9101758,botanical_garden,2026-01-17 17:30:00,379.7,155.2,10.3,4.23,,
2da28e27-8716-4774-9b53-25d1983b99eb,botanical_garden,2026-01-17 17:45:00,379.7,155.0,10.4,4.23,,
3d4a05f8-70df-43be-bd80-61f622ef7a21,botanical_garden,2026-01-17 18:00:00,379.8,156.2,10.5,4.23,,
212ae8a0-1685-4dd9-8ae2-805f1a53d89a,botanical_garden,2026-01-17 18:15:00,379.7,155.7,10.5,4.23,,
59251126-43c7-4f47-b044-ef9b4b299914,botanical_garden,2026-01-17 18:30:00,379.7,155.5,10.6,4.23,,
db7acf11-01ff-45e3-b8cc-7a5822d69c2c,botanical_garden,2026-01-17 18:45:00,379.2,155.0,10.7,4.23,,
6999be41-84f2-48d7-a7dc-c527603bf310,botanical_garden,2026-01-17 19:00:00,379.5,154.8,10.8,4.23,,
1e33855b-7f57-4c3a-8b09-30a82b567ab5,botanical_garden,2026-01-17 19:15:00,379.0,154.3,10.9,4.23,,
c4c29a67-40f2-4ece-81d8-c45696f8afe7,botanical_garden,2026-01-17 19:30:00,378.8,154.3,11.1,4.336,,
000bb28d-4580-415b-ac2a-45bd8063fd79,botanical_garden,2026-01-17 19:45:00,379.2,155.3,11.2,4.336,,
8d9171c0-d4cd-4880-91be-f7c90f689492,botanical_garden,2026-01-17 20:00:00,378.8,155.8,11.3,4.336,,
cae8fea7-7a19-4c38-9c06-524264d2751a,botanical_garden,2026-01-17 20:15:00,378.8,155.5,11.5,4.336,,
3fe8af49-6c27-4063-971e-d4dcd3a9a670,botanical_garden,2026-01-17 20:30:00,379.0,154.8,11.6,4.336,,
c4c82f1d-c6b8-4e5f-98fd-a492dbad4455,botanical_garden,2026-01-17 20:45:00,378.8,156.2,11.7,4.336,,
9cc7fd48-a088-44a6-af91-dbf4fe573166,botanical_garden,2026-01-17 21:00:00,379.8,156.2,11.9,4.336,,
fe307cde-4438-4ee4-874e-7d2bebb91124,botanical_garden,2026-01-17 21:15:00,380.2,156.8,12.0,4.336,,
7b6643f0-97c8-4e45-9a1b-c72720ea22fc,botanical_garden,2026-01-17 21:30:00,380.7,156.3,12.2,4.336,,
7632b5e7-b306-437a-9fde-bcff6672a21a,botanical_garden,2026-01-17 21:45:00,380.7,154.8,12.3,4.321,,
8ad3ad97-bc5e-473e-9e5c-00b14416556c,botanical_garden,2026-01-17 22:00:00,380.5,157.7,12.4,4.336,,
d9e91821-c818-4fd8-bdd4-65ce822a909e,botanical_garden,2026-01-17 22:15:00,380.5,158.3,12.4,4.321,,
93e770cf-539d-477b-bfd4-748a97652a58,botanical_garden,2026-01-17 22:30:00,380.5,157.0,12.4,4.336,,
43e7b4a7-f5d6-46c1-b48b-339a0614c88c,botanical_garden,2026-01-17 22:45:00,380.8,156.5,12.4,4.336,,
74ff049b-3f9c-4155-9e9b-ead50dafcbea,botanical_garden,2026-01-17 23:00:00,382.0,156.2,12.4,4.321,,
65657467-f605-4e1f-8aeb-fcac2b386feb,botanical_garden,2026-01-17 23:15:00,381.5,157.5,12.4,4.336,,
9cf18241-7540-46eb-bb18-91684b1cfd22,botanical_garden,2026-01-17 23:30:00,380.3,157.2,12.4,4.336,,
de823688-fec9-474f-aaf4-bbfb2371a912,botanical_garden,2026-01-17 23:45:00,379.7,158.2,12.4,4.321,,
b1a7bc62-013d-4f08-b400-46cb77cd4159,botanical_garden,2026-01-18 00:00:00,378.3,157.0,12.4,4.321,,
cfaeb042-d0fd-4f90-bc35-2c77e83d1a93,botanical_garden,2026-01-18 00:15:00,377.8,158.0,12.3,4.245,,
f10aaad3-9327-42ed-8a10-4283adc2753e,botanical_garden,2026-01-18 00:30:00,377.8,157.8,12.3,4.23,,
2bb8ae96-7320-4952-a49e-3d27c2321969,botanical_garden,2026-01-18 00:45:00,377.8,158.3,12.3,4.215,,
9ac05815-c150-4eb3-bbc2-b5631aca937e,botanical_garden,2026-01-18 01:00:00,378.0,157.0,12.2,4.139,,
36d8ce63-9677-42fa-a69d-fa77c36a2941,botanical_garden,2026-01-18 01:15:00,378.2,156.7,12.1,4.139,,
74b853f1-806f-46e3-b6f8-fb16e6903bd4,botanical_garden,2026-01-18 01:30:00,378.3,159.0,12.1,4.124,,
378463c9-ae6a-4f19-b394-062c1a2d0ea6,botanical_garden,2026-01-18 01:45:00,378.7,157.3,12.0,4.124,,
2723965b-3def-449d-bf06-b123fe7ef59d,botanical_garden,2026-01-18 02:00:00,378.8,157.0,11.9,4.124,,
2a93ba8d-970f-4ad2-9287-b84523586048,botanical_garden,2026-01-18 02:15:00,380.0,157.7,11.8,4.124,,
2facaf64-5322-49ff-ae69-5a684c57ab40,botanical_garden,2026-01-18 02:30:00,380.7,157.0,11.7,4.124,,
aa3f4351-a60e-48b4-9a8c-57180d4290bb,botanical_garden,2026-01-18 02:45:00,381.2,156.2,11.7,4.139,,
038170ea-60e0-4237-96eb-8994beff0e19,botanical_garden,2026-01-18 03:00:00,381.3,156.2,11.6,4.124,,
c421b291-f411-436c-8055-58a3a3b69b8e,botanical_garden,2026-01-18 03:15:00,381.5,156.2,11.5,4.124,,
2598e6da-de36-4130-9030-0702181be480,botanical_garden,2026-01-18 03:30:00,381.7,156.5,11.4,4.124,,
10214cd0-2b93-4af0-a966-39174719cf02,botanical_garden,2026-01-18 03:45:00,381.8,156.7,11.3,4.124,,
19eaf6b9-a65f-41fd-9c7b-a2b7360b24b7,botanical_garden,2026-01-18 04:00:00,381.0,156.7,11.2,4.124,,
a64b1c3e-b05b-45c0-afd4-588bcdafe539,botanical_garden,2026-01-18 04:15:00,381.2,156.7,11.2,4.124,,
7e2c0001-e1a2-4ca7-ba11-c2a7d8f992dc,botanical_garden,2026-01-18 04:30:00,381.2,156.2,11.1,4.124,,
27089cb9-bc60-4017-935f-bbcf7fcbc0ac,botanical_garden,2026-01-18 04:45:00,381.2,156.5,11.1,4.124,,
2d60e035-2bcf-417e-a340-9c467ae74083,botanical_garden,2026-01-18 05:00:00,380.2,156.8,11.1,4.124,,
560a9a68-bb80-49c6-bb56-5be02aac68c2,botanical_garden,2026-01-18 05:15:00,380.2,157.2,11.1,4.124,,
2d7db77f-7a27-448e-992b-677826e96f61,botanical_garden,2026-01-18 05:30:00,379.5,157.0,11.0,4.124,,
f05c02b3-6124-4c3f-8c5c-59be8f545a43,botanical_garden,2026-01-18 05:45:00,379.5,155.8,11.0,4.124,,
06388da4-3443-442f-ad5a-aa0dcb155f73,botanical_garden,2026-01-18 06:00:00,379.7,156.7,11.0,4.124,,
65b4d931-9029-4a66-95a0-fe11655d9f5b,botanical_garden,2026-01-18 06:15:00,379.0,157.2,11.0,4.124,,
b661e427-5991-46ff-8bb0-879ff844833c,botanical_garden,2026-01-18 06:30:00,379.3,156.0,10.9,4.124,,
65f35ae1-7c63-4c07-aefe-37d0ae497e04,botanical_garden,2026-01-18 06:45:00,379.7,156.2,10.9,4.109,,
1ef1603f-5fa3-4c33-933b-83aea89c1105,botanical_garden,2026-01-18 07:30:00,379.7,156.0,10.77,4.124,,
8e110bcf-d290-4cf8-9b87-c2a913c91f0c,botanical_garden,2026-01-18 07:45:00,379.8,155.8,10.7,4.124,,
02029f6b-ece6-4283-84f3-252a2fa48ce5,botanical_garden,2026-01-18 08:15:00,380.0,156.5,10.7,4.124,,
9a952c6b-a2af-4036-b0a3-f6dc97228b65,botanical_garden,2026-01-18 08:30:00,379.8,156.5,10.7,4.124,,
e40e04e0-94d3-4834-8348-d9caf31473e2,botanical_garden,2026-01-18 08:45:00,379.8,155.2,10.67,4.124,,
49b407fd-11ae-4cf2-98d4-05c04083c0a2,botanical_garden,2026-01-18 09:30:00,381.0,155.3,10.6,4.124,,
ec9738b5-445a-4a60-a7af-b8f5dc332d61,botanical_garden,2026-01-18 09:45:00,381.7,156.7,10.6,4.124,,
9e0da9f6-d560-4785-a9ae-f773b8cc97a1,botanical_garden,2026-01-18 10:00:00,382.2,157.0,10.6,4.124,,
657331ae-c4a2-4415-b68f-06e4cc75ccfd,botanical_garden,2026-01-18 10:15:00,382.8,156.3,10.6,4.124,,
ada4202f-8c91-40a2-a984-e64b29621230,botanical_garden,2026-01-18 10:30:00,383.5,157.0,10.6,4.124,,
70a78bcb-16b8-47ca-9b40-a3a2034640a4,botanical_garden,2026-01-18 10:45:00,384.2,157.0,10.6,4.124,,
a654aceb-cc88-41a7-80b7-2947fe2ab9a8,botanical_garden,2026-01-18 11:00:00,384.0,156.0,10.6,4.124,,
91634e46-b109-4c39-b36b-171198b951c5,botanical_garden,2026-01-18 11:45:00,382.8,157.3,10.5,4.109,,
6ccd4053-b033-4896-8af0-71e02dd53e88,botanical_garden,2026-01-18 12:00:00,382.5,157.0,10.5,4.124,,
4dd71c66-dd02-449c-8dd8-47f4a3513137,botanical_garden,2026-01-18 12:30:00,381.8,156.3,10.4,4.109,,
258bdb39-892a-4f73-8c00-de3b18deea5f,botanical_garden,2026-01-18 12:45:00,381.3,156.8,10.4,4.109,,
8a16e5a5-df54-4265-bbc0-b66b221f2573,botanical_garden,2026-01-18 13:00:00,381.3,157.0,10.4,4.124,,
abd35b6d-5feb-4464-a009-60689a35925d,botanical_garden,2026-01-18 13:15:00,381.3,156.0,10.4,4.109,,
354a5d44-acae-4c58-b012-b8764c4cef1f,botanical_garden,2026-01-18 13:30:00,380.8,156.7,10.4,4.109,,
b9a25baf-f1f4-44d6-9b71-9dcc2faee417,botanical_garden,2026-01-18 13:45:00,381.0,156.2,10.4,4.109,,
f3c22254-8fc2-4f6e-9b54-c715b3698c04,botanical_garden,2026-01-18 14:15:00,380.5,157.0,10.4,4.109,,
cb4c6763-f7a2-4aa6-bc0b-737e3605f246,botanical_garden,2026-01-18 14:45:00,379.5,157.7,10.4,4.109,,
175075d3-e008-445e-b60f-38eaf1540fc0,botanical_garden,2026-01-18 15:00:00,378.5,156.8,10.4,4.109,,
722736c0-42b7-4e53-8e48-9bd45307587f,botanical_garden,2026-01-18 15:15:00,378.7,156.3,10.4,4.109,,
091e34ff-0558-47cf-901e-aec154362123,botanical_garden,2026-01-18 15:30:00,378.0,157.2,10.4,4.109,,
2083bdbd-bf3d-46f9-a8d3-bb059d045cb1,botanical_garden,2026-01-18 15:45:00,378.2,157.3,10.5,4.109,,
464db679-6bc4-45ad-83dc-a5681fe32b42,botanical_garden,2026-01-18 16:30:00,379.2,157.0,10.6,4.23,,
e8787645-605e-4c9f-9160-02d9e2da0694,botanical_garden,2026-01-18 16:45:00,379.2,157.5,10.6,4.245,,
e61da3f5-09e2-4127-af32-20facd36a51b,botanical_garden,2026-01-18 17:15:00,380.7,156.7,10.8,4.23,,
4379d7c0-8b5a-4092-9ac4-8e2a3bb2c276,botanical_garden,2026-01-18 17:30:00,380.8,157.5,10.8,4.23,,
c31d4f10-67f2-4da1-b62a-7c3752d191a0,botanical_garden,2026-01-18 17:45:00,380.5,156.7,10.9,4.245,,
27e3f3e9-8a6d-47e0-9b8a-dc51354b8b41,botanical_garden,2026-01-18 18:30:00,380.5,157.5,11.0,4.245,,
9ed0469e-9f18-48d3-b17b-8699883f57fe,botanical_garden,2026-01-18 18:45:00,380.8,156.7,11.1,4.23,,
120c15ff-3621-4c00-b231-23bf199cfd10,botanical_garden,2026-01-18 19:30:00,381.5,156.5,11.4,4.336,,
3ab6fccc-e0eb-499c-a2d6-f0c0798cbf01,botanical_garden,2026-01-18 19:45:00,381.3,156.0,11.6,4.336,,
9ef3d7a7-2828-4967-bad9-877fd24bfcc7,botanical_garden,2026-01-18 20:30:00,382.0,156.0,11.93,4.336,,
a2be9072-b181-4941-9df6-dec3850ace52,botanical_garden,2026-01-18 20:45:00,382.3,156.0,12.1,4.336,,
53143063-78dc-4f2a-9267-92589688243f,botanical_garden,2026-01-18 21:00:00,382.3,157.2,12.3,4.336,,
e865e7ed-08ce-4cf7-a79c-da69cfa2b645,botanical_garden,2026-01-18 21:45:00,382.7,157.3,12.9,4.336,,
1f4eba5c-07c5-4c57-a310-51b1d8c759f8,botanical_garden,2026-01-18 22:00:00,382.5,158.2,13.0,4.336,,
97235d1e-6148-4036-a78f-3cefc217aa01,botanical_garden,2026-01-18 22:30:00,382.3,157.2,13.0,4.336,,
51d1158d-c52f-4f46-bbc9-24871442e462,botanical_garden,2026-01-18 23:30:00,382.0,158.0,13.07,4.321,,
554bcc77-b425-4c3a-b463-6e9cab8baf79,botanical_garden,2026-01-18 23:45:00,381.8,157.5,13.0,4.321,,
5725770f-6dae-499b-a6c5-499c3c68a733,botanical_garden,2026-01-19 00:00:00,381.7,157.2,13.0,4.336,,
d2024a6e-49d2-4d46-9b70-b760d24c2352,botanical_garden,2026-01-19 00:30:00,382.0,156.8,12.9,4.215,,
f5efc634-55be-4efb-8569-b903ce2c54bd,botanical_garden,2026-01-19 00:45:00,383.0,158.0,12.8,4.139,,
57f3bd2d-bf3c-4f0c-9a97-9230ca0baeb7,botanical_garden,2026-01-19 01:15:00,390.0,156.8,12.7,4.139,,
67df3195-5179-43ec-82fd-bc846fc22176,botanical_garden,2026-01-19 02:30:00,389.8,157.5,12.1,4.124,,
5f58f5e0-103b-4d1e-8416-0439bd110d51,botanical_garden,2026-01-19 02:45:00,388.0,157.8,12.0,4.124,,
453a1ed1-4690-4cec-9f60-e3dc43e4addf,botanical_garden,2026-01-19 03:30:00,383.3,158.2,11.7,4.124,,
4fb6f09c-a441-4422-a975-d06088dc9771,botanical_garden,2026-01-19 03:45:00,383.5,157.7,11.6,4.124,,
35623cd0-59c3-4e28-add8-447df8e6b78b,botanical_garden,2026-01-19 04:45:00,383.2,157.0,11.3,4.124,,
4fe98ef2-1211-477d-88a3-3585c2641c51,botanical_garden,2026-01-19 05:15:00,383.0,157.0,11.2,4.124,,
31be3d68-72bb-498e-a7eb-d352f82b3006,botanical_garden,2026-01-19 05:30:00,382.8,158.0,11.1,4.124,,
1a58164b-513f-4e02-b808-1c24fc5705bb,botanical_garden,2026-01-19 05:45:00,383.2,157.0,11.1,4.109,,
7c39d9af-4408-4bbe-80a3-5cc8a9f5d85b,botanical_garden,2026-01-19 06:15:00,383.2,157.5,11.0,4.124,,
5e357825-4dd6-4e54-a7f8-7c011e6e3bb2,botanical_garden,2026-01-19 06:45:00,382.8,157.5,10.9,4.124,,
bee78283-c81e-45ae-9083-f217b97e24ce,botanical_garden,2026-01-19 07:00:00,382.2,156.7,10.8,4.124,,
6a7aab1d-576f-4735-a0cd-915c6bfdba7e,botanical_garden,2026-01-19 07:15:00,381.7,157.2,10.8,4.124,,
8ec31ebd-0cb9-4fb1-bfe8-b678a62d9310,botanical_garden,2026-01-19 07:30:00,382.0,156.7,10.8,4.109,,
06005d11-589a-45df-9e17-c6eeaf079e20,botanical_garden,2026-01-19 07:45:00,381.8,156.7,10.7,4.124,,
17d63dd7-e9ca-4e9e-bd50-81aeba85dba2,botanical_garden,2026-01-19 08:00:00,382.7,157.3,10.7,4.124,,
d6fe2c2f-2988-46a7-8e5a-9216f6dde4d4,botanical_garden,2026-01-19 08:15:00,382.0,156.8,10.7,4.124,,
b74f6385-1061-4eb9-91d9-92c1a8e8b1f7,botanical_garden,2026-01-19 09:00:00,382.3,157.5,10.6,4.124,,
ac9938ac-cfa9-4951-87e9-d405bc33a6cd,botanical_garden,2026-01-19 09:15:00,382.3,156.7,10.58,4.124,,
c9407c56-f05c-490f-ae13-88f00db1f34f,botanical_garden,2026-01-19 09:30:00,382.2,157.0,10.5,4.124,,
289c6ccf-1c9c-495b-8ff2-673fdb909f78,botanical_garden,2026-01-19 09:45:00,382.2,156.2,10.5,4.124,,
c84b3ff0-852a-470d-a9f8-1544c08f63dc,botanical_garden,2026-01-19 10:30:00,380.8,157.3,10.4,4.109,,
b2bddcce-f800-4830-923e-1ab141f913fa,botanical_garden,2026-01-19 10:45:00,380.7,156.7,10.4,4.109,,
11c551a2-fbbb-49ea-a4c8-6ba77ccdf558,botanical_garden,2026-01-19 11:00:00,381.7,157.2,10.4,4.109,,
ecbdf013-d519-4e5c-a2d8-c91cff5a286f,botanical_garden,2026-01-19 11:15:00,381.2,157.0,10.3,4.124,,
9f647330-db58-412c-831c-62646c79ff65,botanical_garden,2026-01-19 11:30:00,380.3,157.2,10.3,4.124,,
89aa4853-ef04-4c6c-931a-d7332c5303ed,botanical_garden,2026-01-19 12:00:00,380.0,156.0,10.3,4.124,,
2433b5eb-c60a-4373-8eac-3a799261b2fe,botanical_garden,2026-01-19 12:30:00,380.3,156.5,10.2,4.109,,
e84ccf98-6fea-415d-a2ec-a150aebe8671,botanical_garden,2026-01-19 13:00:00,379.7,155.7,10.2,4.124,,
48a93f97-e545-4606-bf58-8493b070e058,botanical_garden,2026-01-19 13:45:00,382.5,156.3,10.2,4.124,,
ce0a6704-6b67-4b70-aa4b-382f692f6de6,botanical_garden,2026-01-19 14:00:00,383.3,157.0,10.2,4.124,,
e88c9b98-f325-48ec-99de-4cf2bd5ae88a,botanical_garden,2026-01-19 14:30:00,383.5,155.7,10.1,4.109,,
fc407c0f-0c35-40aa-81d8-1f90687675cc,botanical_garden,2026-01-19 14:45:00,383.3,156.0,10.1,4.109,,
0915ad63-c4ef-4d07-a7a2-0e2e3a5bdd97,botanical_garden,2026-01-19 15:00:00,383.2,155.8,10.1,4.124,,
e4f49622-fdec-47d0-b94a-d9de23559251,botanical_garden,2026-01-19 15:15:00,382.8,156.5,10.0,4.109,,
d2fe515f-8116-43ef-8d1e-faa89fa1ee28,botanical_garden,2026-01-19 15:45:00,383.0,156.0,10.0,4.109,,
b01578ba-6e5f-4c68-a356-f49ba9172d4c,botanical_garden,2026-01-19 16:00:00,383.0,157.3,10.0,4.109,,
ac6471c7-cb9f-4bf3-ad88-148929a1dfb1,botanical_garden,2026-01-19 16:15:00,383.0,156.2,9.98,4.124,,
e87f1e9c-09fb-4912-b685-3f98323ee476,botanical_garden,2026-01-19 16:30:00,383.7,155.8,9.9,4.215,,
0998773e-5db8-4e00-88a8-6559c80001f7,botanical_garden,2026-01-19 17:00:00,384.0,157.7,10.0,4.215,,
e5f58887-045a-45b1-88a4-3db8985ff255,botanical_garden,2026-01-19 17:30:00,383.7,157.2,10.0,4.23,,
c3e82e13-9aab-47cd-b93f-7b1d7b82b734,botanical_garden,2026-01-19 17:45:00,383.7,156.7,10.1,4.23,,
979cb0d2-b3b9-483f-85f5-0bf8c1e3d50f,botanical_garden,2026-01-19 18:00:00,383.3,156.5,10.2,4.23,,
fb38fbc6-84c1-4fa5-b42b-0ac4d18c4735,botanical_garden,2026-01-19 18:30:00,383.7,156.3,10.4,4.245,,
adffdf9a-1a98-4811-a10c-2ab266907d79,botanical_garden,2026-01-19 18:45:00,383.8,157.0,10.4,4.23,,
b2d37def-6135-4460-8771-06a1c415ea10,botanical_garden,2026-01-19 19:00:00,383.8,156.7,10.55,4.23,,
d1d4e7e0-566f-4429-a218-bca561e878f4,botanical_garden,2026-01-19 19:15:00,383.3,156.8,10.7,4.245,,
c8fa8a95-695f-403a-abf8-e7577c20ea66,botanical_garden,2026-01-19 19:30:00,383.3,157.3,10.8,4.23,,
fd79965c-5bec-474b-a3f8-9a50876a2ead,botanical_garden,2026-01-19 19:45:00,383.3,157.0,10.9,4.23,,
37239b1e-c8a2-48e7-af69-5fc78e39a5a5,botanical_garden,2026-01-19 20:45:00,383.3,157.5,11.6,4.336,,
f4f7c6b3-4d37-4520-8c70-0b8cc34c5ecd,botanical_garden,2026-01-19 21:00:00,384.0,157.7,11.7,4.336,,
5ae54587-81c0-4d1b-bc81-a7b784d43ed0,botanical_garden,2026-01-19 21:15:00,384.0,157.7,11.9,4.336,,
52b02148-7573-4948-933e-ad71fd8d64f3,botanical_garden,2026-01-19 21:45:00,383.5,157.5,12.3,4.336,,
141b6cd1-59c6-4a57-b7d9-920a70d9dab1,botanical_garden,2026-01-19 22:00:00,383.2,157.8,12.4,4.351,,
72f91710-eeba-4876-9ab9-7d53bae6ee24,botanical_garden,2026-01-19 22:15:00,382.8,158.2,12.4,4.336,,
df57a005-9fec-4693-b8a6-26e7acced0c8,botanical_garden,2026-01-19 22:30:00,382.7,158.0,12.4,4.321,,
2032582c-1e4b-480f-a439-7cd00a3952d5,botanical_garden,2026-01-19 22:45:00,383.0,158.8,12.4,4.336,,
dd71f17f-16a5-4290-b93a-2d138b92c359,botanical_garden,2026-01-19 23:00:00,383.0,157.7,12.4,4.321,,
6218db2f-e74a-46cf-a377-5bdd8bed0738,botanical_garden,2026-01-19 23:30:00,385.0,158.0,12.4,4.336,,
3fc047f5-1ec3-47d5-9fe6-17c8af4bd7e9,botanical_garden,2026-01-19 23:45:00,385.3,157.8,12.3,4.336,,
30521d0d-cc6a-4418-9a71-014eeeac9734,botanical_garden,2026-01-20 00:00:00,386.2,158.2,12.3,4.23,,
bb2454d3-f80a-4d87-ad3b-9cabbc479f8b,botanical_garden,2026-01-20 00:30:00,385.7,158.0,12.1,4.215,,
ae356b47-bebf-461b-925c-ab4a6d0e0652,botanical_garden,2026-01-20 00:45:00,385.5,157.7,12.08,4.124,,
7bb1b4a3-6aa2-4219-8f2f-ac9f6e40743c,botanical_garden,2026-01-20 01:30:00,384.2,158.8,11.8,4.124,,
9114eaa3-cc1b-4b31-9dc6-df7908dfb820,botanical_garden,2026-01-20 01:45:00,384.5,158.2,11.8,4.124,,
3dde183f-cbee-49ef-8844-d1d2812c2c91,botanical_garden,2026-01-20 02:30:00,383.0,158.2,11.5,4.124,,
f4c36695-f8f9-47b5-ae13-17d0e94744f5,botanical_garden,2026-01-20 03:00:00,382.8,158.8,11.3,4.124,,
0e1a0e35-71c0-456c-8b7c-348e479cc2bb,botanical_garden,2026-01-20 03:30:00,382.5,158.2,11.1,4.124,,
2ba12c27-ac5a-4a4e-9975-00d28aa9c8c1,botanical_garden,2026-01-20 03:45:00,382.8,157.8,11.1,4.124,,
5bc45582-72bc-4abc-bb79-608a6463d92f,botanical_garden,2026-01-20 04:15:00,382.0,157.7,10.9,4.124,,
87500537-bbe5-40a3-9574-9607a7c00e39,botanical_garden,2026-01-20 04:30:00,381.8,157.2,10.9,4.124,,
0e4edab9-4e12-453b-baea-f2cadab62bfa,botanical_garden,2026-01-20 04:45:00,382.0,158.2,10.8,4.124,,
e3685e32-af7e-4247-8a44-e8b75ac913d5,botanical_garden,2026-01-20 05:00:00,382.2,158.3,10.8,4.124,,
99090884-53ce-465a-a3cb-1601677e60f8,botanical_garden,2026-01-20 05:15:00,381.3,158.5,10.7,4.124,,
1818d6c8-b8db-420f-a602-dfc9f43ff8f9,botanical_garden,2026-01-20 05:45:00,381.7,157.7,10.7,4.124,,
a1e63a5e-63c6-475a-ba7d-0e18cd8d68f0,botanical_garden,2026-01-20 06:00:00,381.7,157.3,10.6,4.124,,
78bafe0a-76d5-49ba-a78b-43049b1eea3a,botanical_garden,2026-01-20 06:45:00,382.8,157.5,10.58,4.124,,
d6ae99ce-76a6-435b-9951-6b2fb00f3081,botanical_garden,2026-01-20 07:30:00,382.5,156.7,10.5,4.124,,
959f24f0-63a4-425e-80b1-cd9fff7ce603,botanical_garden,2026-01-20 07:45:00,382.3,157.2,10.5,4.124,,
6f124d6e-0839-47dc-b952-c485a09e4d67,botanical_garden,2026-01-20 08:00:00,382.2,158.0,10.4,4.124,,
ff5f8852-4c53-4cdf-89be-745a52a5f10e,botanical_garden,2026-01-20 08:15:00,382.0,156.8,10.4,4.124,,
2633ca29-74e4-42bb-9bc9-191440fbf1da,botanical_garden,2026-01-20 08:30:00,382.0,157.0,10.4,4.124,,
bf63271e-27b5-4823-8887-e5a8c4ffabba,botanical_garden,2026-01-20 08:45:00,382.7,157.0,10.3,4.109,,
7f62a499-ec3e-4a72-88f7-30708d2f0f56,botanical_garden,2026-01-20 09:00:00,382.2,156.8,10.3,4.124,,
024b6509-dcba-4a97-9755-7c926c25a295,botanical_garden,2026-01-20 09:30:00,380.0,158.2,10.3,4.109,,
07dd9dac-dfc7-4b71-b98b-d5cac10c7d00,botanical_garden,2026-01-20 09:45:00,379.8,158.5,10.3,4.124,,
49bfd754-dfed-48a8-9a1c-7576b154348c,botanical_garden,2026-01-20 10:15:00,379.5,157.0,10.3,4.109,,
26cdde5d-04d0-4dba-a222-4c06c7b0f077,botanical_garden,2026-01-20 10:30:00,379.3,157.0,10.3,4.109,,
1518e1d6-18b8-4370-8615-14188a45b73b,botanical_garden,2026-01-20 10:45:00,379.7,157.8,10.3,4.124,,
acf2d2de-b5a6-49dc-8ebd-9790773cfa1b,botanical_garden,2026-01-20 11:00:00,379.8,157.5,10.3,4.124,,
a9bdd5cc-5557-4bd3-a789-0242e46bb659,botanical_garden,2026-01-20 11:30:00,378.7,157.0,10.2,4.124,,
e30389b2-59f7-422d-93af-c7cf6c04b547,botanical_garden,2026-01-20 11:45:00,377.7,156.8,10.2,4.124,,
935d1116-a2dd-4217-8799-6970d5ec75ea,botanical_garden,2026-01-20 12:45:00,379.8,156.8,10.2,4.109,,
c918d1aa-7960-4a9f-b084-9147db40adba,botanical_garden,2026-01-20 13:00:00,380.8,157.0,10.2,4.109,,
6828d991-6afe-465c-81c5-1c6526645529,botanical_garden,2026-01-20 13:45:00,381.5,157.3,10.2,4.109,,
f619903c-d0b4-4b51-ba9c-a15218542b58,botanical_garden,2026-01-20 14:00:00,381.5,157.3,10.3,4.124,,
42dadc15-8f5d-4533-b931-a8cf42d811df,botanical_garden,2026-01-20 14:15:00,381.8,156.2,10.3,4.109,,
f62dfb2c-7a51-477d-a0c0-d7353a0150bd,botanical_garden,2026-01-20 14:30:00,382.0,157.3,10.3,4.109,,
bf9402ad-311e-4331-a7e7-5937912f5c1f,botanical_garden,2026-01-20 14:45:00,382.2,157.7,10.3,4.109,,
2bffd2c9-dcf9-4e1c-85b9-408c619b3544,botanical_garden,2026-01-20 15:00:00,382.2,157.2,10.28,4.109,,
45e7d1c6-c895-4b85-ac0f-8314257feb7a,botanical_garden,2026-01-20 15:45:00,383.0,157.0,10.2,4.109,,
782f6104-6e0c-44cc-a8d8-cd892ab30685,botanical_garden,2026-01-20 16:00:00,383.2,156.2,10.2,4.215,,
820c08a6-1e20-451d-acc4-9ffad3b274f4,botanical_garden,2026-01-20 16:15:00,383.3,156.0,10.3,4.124,,
d510308c-20e9-40ed-8caf-0849bdb1220c,botanical_garden,2026-01-20 16:30:00,383.5,156.3,10.3,4.215,,
4e9f5fa8-a629-40d7-a834-171097fdbe30,botanical_garden,2026-01-20 16:45:00,384.2,156.0,10.3,4.215,,
f1ec7748-4773-49e6-a403-c35372e61a7b,botanical_garden,2026-01-20 17:15:00,384.3,157.8,10.3,4.245,,
8c74de5b-a056-46fb-9b31-b1258814dc88,botanical_garden,2026-01-20 17:30:00,385.8,157.8,10.3,4.23,,
b5f0dd62-8321-49d8-8770-2ad859788d42,botanical_garden,2026-01-20 17:45:00,387.2,157.2,10.4,4.23,,
414cde7d-e991-4f3a-82ef-3efdde7672aa,botanical_garden,2026-01-20 18:00:00,388.3,157.0,10.4,4.23,,
2a8d659c-70e3-4f64-ada8-7e6496fa90de,botanical_garden,2026-01-20 18:15:00,388.3,157.7,10.5,4.23,,
064fe8c8-47d6-47ce-8e03-002a143acd04,botanical_garden,2026-01-20 18:30:00,387.8,158.2,10.6,4.245,,
2b4be534-f2cf-4c36-88d9-ced0a42ea1ce,botanical_garden,2026-01-20 18:45:00,387.7,157.5,10.6,4.336,,
83c5a1dd-59ac-45fc-9edd-56df13c37374,botanical_garden,2026-01-20 19:00:00,386.7,155.7,10.7,4.336,,
e3c87cee-26e2-42b2-b09c-65ca7c9e3aae,botanical_garden,2026-01-20 19:15:00,385.8,157.2,10.88,4.336,,
5309aa04-5687-41df-888b-b001644e4cb4,botanical_garden,2026-01-20 19:45:00,384.3,156.2,11.1,4.336,,
fc476de9-8b88-4bfd-bad9-3c42e41fea64,botanical_garden,2026-01-20 20:00:00,384.0,156.2,11.2,4.336,,
9b3dcf5d-212e-4406-b923-78b8a8d3ed76,botanical_garden,2026-01-20 20:15:00,383.8,157.5,11.4,4.336,,
6eaa038f-004b-419b-b5e1-024ddb713598,botanical_garden,2026-01-20 20:30:00,382.8,156.5,11.5,4.336,,
9f2b9624-cf8d-4f31-8d84-b75b20f8ce56,botanical_garden,2026-01-20 21:00:00,382.8,157.5,11.7,4.336,,
ed5087d0-7bea-4010-871f-4cfd0169898f,botanical_garden,2026-01-20 21:15:00,382.7,157.5,11.8,4.336,,
44ca10e6-5edf-4b35-98b5-350b891626d3,botanical_garden,2026-01-20 21:45:00,382.8,156.7,11.9,4.336,,
e11814e6-fbd2-4d23-960d-3af5a858ac98,botanical_garden,2026-01-20 23:00:00,381.7,159.7,12.1,4.336,,
6a58d551-a240-48b1-aa42-72bd9f3484e0,botanical_garden,2026-01-20 23:15:00,380.8,158.3,12.2,4.336,,
73d260f3-aa29-41e0-9219-2506dba9ad91,botanical_garden,2026-01-20 23:30:00,377.7,158.3,12.2,4.336,,
e38eb389-4d4f-4b52-b195-bb22a437d882,botanical_garden,2026-01-21 00:45:00,368.3,157.2,11.9,4.215,,
901a56b7-f7a4-4626-8219-69ae7b134bc4,botanical_garden,2026-01-21 01:00:00,370.3,156.3,11.9,4.124,,
b57fce1d-7040-4184-9095-222ef92398ce,botanical_garden,2026-01-21 01:15:00,371.5,157.5,11.8,4.124,,
48d97d9e-dd64-42b8-914a-e1b02d181704,botanical_garden,2026-01-21 01:45:00,374.8,156.5,11.7,4.124,,
7e30b4b7-2d0a-4976-9d79-ec41d9aba08d,botanical_garden,2026-01-21 02:15:00,377.2,156.8,11.5,4.124,,
e5442891-9ba4-40e3-8010-9886b49d159b,botanical_garden,2026-01-21 02:30:00,378.7,156.8,11.5,4.124,,
c13d4cdf-f391-42f4-bd1f-75354183af93,botanical_garden,2026-01-21 02:45:00,379.0,157.0,11.4,4.124,,
0948de76-1707-4524-9b67-b4d1d009f26c,botanical_garden,2026-01-21 03:00:00,379.8,156.3,11.4,4.124,,
9009abf2-dd69-4efd-9b59-6e83bd6474e5,botanical_garden,2026-01-21 03:30:00,380.5,156.7,11.22,4.124,,
5f862bc9-3177-4809-b630-ca979f54cfc8,botanical_garden,2026-01-21 03:45:00,381.3,155.7,11.2,4.124,,
44fb689b-3294-4740-8b1f-c5bdd3014d5d,botanical_garden,2026-01-21 04:45:00,381.8,158.5,11.1,4.124,,
b6d42c2e-32d0-4112-af30-b5125fcee8e3,botanical_garden,2026-01-21 05:00:00,382.5,157.2,11.0,4.124,,
d23f3005-cbab-4a5f-925c-d38a649fa988,botanical_garden,2026-01-21 05:45:00,382.7,156.2,10.9,4.124,,
c0973dd9-e046-4254-933c-bfaaba69385d,botanical_garden,2026-01-21 06:00:00,382.8,156.8,10.9,4.124,,
98de35c2-f45f-44be-9489-1af0e6d5bc4d,botanical_garden,2026-01-21 06:15:00,382.7,156.8,10.9,4.124,,
0d9c4eb4-d573-4039-9217-91e70313d755,botanical_garden,2026-01-21 06:30:00,383.2,156.5,10.8,4.124,,
6867732b-5f45-4a1b-b64c-0c24d08605c9,botanical_garden,2026-01-21 07:00:00,383.0,156.0,10.8,4.124,,
19f686aa-3bfd-4cff-831c-9b8bd3adfc18,botanical_garden,2026-01-21 07:45:00,382.7,156.3,10.7,4.124,,
3c83ba44-82cf-4f63-8097-ec908b49c40d,botanical_garden,2026-01-21 08:00:00,382.8,155.5,10.7,4.109,,
8fdf7388-a564-4905-af8a-d6d4f718cfcc,botanical_garden,2026-01-21 08:30:00,383.2,156.2,10.7,4.124,,
95a5ad18-78be-48ee-994b-15d53cf3d030,botanical_garden,2026-01-21 08:45:00,382.7,154.8,10.7,4.124,,
e191d4fe-a089-492f-a414-bb0679a9f3ab,botanical_garden,2026-01-21 09:45:00,383.5,155.7,10.7,4.109,,
b729e523-fcf0-4a6b-8999-f900ba3facc6,botanical_garden,2026-01-21 10:15:00,382.5,156.2,10.7,4.124,,
a8cf8de4-98e1-49cc-a9d1-aaf908c0b992,botanical_garden,2026-01-21 10:45:00,381.2,156.5,10.6,4.109,,
05774312-16de-4522-a7cf-0b3615f895c5,botanical_garden,2026-01-21 11:15:00,381.8,157.3,10.6,4.124,,
a69e9aa1-e51b-4d1a-a2b5-631bf006fdea,botanical_garden,2026-01-21 11:45:00,380.5,156.8,10.5,4.124,,
69cbbc07-d62b-4f8d-899b-d44ba762bc8a,botanical_garden,2026-01-21 12:30:00,380.5,156.5,10.4,4.109,,
f188fdbd-433c-4e06-b526-944a7b26cc8f,botanical_garden,2026-01-21 12:45:00,380.3,156.3,10.4,4.109,,
ef922069-988d-41d3-b3aa-7b134c0cd60a,botanical_garden,2026-01-21 13:00:00,380.5,157.2,10.4,4.109,,
b0b55b84-9161-43af-b164-efcba00e4a12,botanical_garden,2026-01-21 14:00:00,383.7,157.2,10.3,4.109,,
cf2e2bc0-b43c-4e4f-950b-1edc07de3bdf,botanical_garden,2026-01-21 14:15:00,384.2,157.2,10.2,4.109,,
021d4d27-8a6f-4a1d-af69-1aed3c362549,botanical_garden,2026-01-21 14:45:00,384.5,155.7,10.2,4.109,,
8879403c-8cc3-4d8a-9303-0c404f8ff0a6,botanical_garden,2026-01-21 15:00:00,385.2,156.0,10.13,4.109,,
30b8b061-feae-48c9-a39f-6efa8638b796,botanical_garden,2026-01-21 15:30:00,385.8,154.7,10.1,4.109,,
40313a28-7d4f-47bd-88c4-732db789a05f,botanical_garden,2026-01-21 15:45:00,385.2,155.0,10.1,4.109,,
47e4694c-729d-4fbf-afb2-0c1fdd8f89b8,botanical_garden,2026-01-21 16:00:00,385.5,155.0,10.1,4.215,,
d387e657-b908-4b0e-af8f-1b5d9680962f,botanical_garden,2026-01-21 16:15:00,385.8,154.5,10.1,4.215,,
c8d0bf71-8aee-483a-bd61-3127d537607b,botanical_garden,2026-01-21 16:30:00,385.8,154.2,10.1,4.245,,
eeb50009-bab6-40b8-b351-082a3518bf46,botanical_garden,2026-01-21 17:45:00,386.0,155.0,10.5,4.245,,
d2f516cb-a4c4-4df6-b335-c5c0fb2ad20f,botanical_garden,2026-01-21 18:00:00,386.2,154.7,10.57,4.321,,
89df2dc9-b5c4-4507-8699-d1f086f6d3a1,botanical_garden,2026-01-21 18:15:00,386.3,155.0,10.6,4.336,,
9be22671-9cf4-4f9f-ae07-95605e788806,botanical_garden,2026-01-21 18:30:00,386.3,155.2,10.7,4.336,,
9b2a50fd-583b-4193-a502-1e08f0ec2807,botanical_garden,2026-01-21 18:45:00,386.3,154.8,10.9,4.336,,
94c594a7-804b-466a-9233-216906a8e5eb,botanical_garden,2026-01-21 19:00:00,386.3,155.5,11.0,4.336,,
bb5271a3-3e84-463d-890c-cdc98dc562f6,botanical_garden,2026-01-21 19:30:00,385.8,154.7,11.2,4.336,,
f8503d69-2cb5-45b0-82c5-c301816f53be,botanical_garden,2026-01-21 19:45:00,385.7,155.3,11.3,4.336,,
06659bc5-9989-4d11-ad83-eb6bdd9aeeb6,botanical_garden,2026-01-21 20:00:00,385.7,155.0,11.3,4.336,,
d2d43644-bcc2-45a4-b179-1220d743b6c5,botanical_garden,2026-01-21 20:45:00,385.8,156.0,11.6,4.336,,
eea37071-fc51-4ac2-b472-e75d4eb859ed,botanical_garden,2026-01-21 21:00:00,385.8,155.0,11.7,4.336,,
146fd2b2-bbe8-4069-a24a-ac97e0aed9e8,botanical_garden,2026-01-21 21:30:00,385.5,154.2,11.9,4.336,,
cb8a8dbc-2392-42aa-a0b1-e6c38a70972a,botanical_garden,2026-01-21 21:45:00,385.5,155.7,12.0,4.336,,
f0ee8921-7ed5-428b-be21-87ccc29883c1,botanical_garden,2026-01-21 22:30:00,385.3,156.7,12.2,4.336,,
79898f7a-84b1-416b-8720-2b541136eb80,botanical_garden,2026-01-21 23:15:00,385.5,158.3,12.2,4.245,,
3191be31-52fc-4184-b505-56ffc8bd2d44,botanical_garden,2026-01-22 00:30:00,385.5,156.7,12.1,4.215,,
c881f1b9-18cf-4139-aedf-605eb3b0d082,botanical_garden,2026-01-22 00:45:00,385.7,156.8,12.1,4.124,,
db1bb855-9065-4565-be7f-08088b774987,botanical_garden,2026-01-22 01:30:00,386.8,156.5,11.9,4.124,,
f8b75402-d221-42ff-a31c-dbb28b3ccd58,botanical_garden,2026-01-22 02:00:00,386.8,157.3,11.8,4.124,,
3b8a962f-cb10-4bb6-994b-cb0f7f8e6936,botanical_garden,2026-01-22 02:15:00,386.7,157.8,11.8,4.124,,
ce3cc326-6e44-4fd1-a5f0-806b67e57e8c,botanical_garden,2026-01-22 02:30:00,386.7,157.2,11.7,4.124,,
6b8f8fdc-ffc8-4e4d-8c7b-78c1c19cdefd,botanical_garden,2026-01-22 02:45:00,386.7,157.5,11.7,4.124,,
d2b1ec5f-d68e-4a55-b124-2f5299c8f2f4,botanical_garden,2026-01-22 03:00:00,386.7,156.8,11.7,4.124,,
0ad657a5-3c4b-41b2-bd65-782c4184fe1e,botanical_garden,2026-01-22 03:30:00,386.2,157.2,11.6,4.124,,
4c0ec253-7b9f-4103-a9ff-8edc1abc0332,botanical_garden,2026-01-22 03:45:00,386.3,156.3,11.5,4.124,,
0aab3336-5d15-4bea-8eea-9d3fca65f0d7,botanical_garden,2026-01-22 04:00:00,386.5,156.3,11.5,4.124,,
62d8e3ec-9f32-45e6-a4aa-dcd3b8a08f99,botanical_garden,2026-01-22 04:15:00,386.5,156.2,11.5,4.124,,
c4c0447f-42e4-46fd-abad-bfaab182eb9e,botanical_garden,2026-01-22 04:45:00,386.5,156.7,11.4,4.124,,
5c67b4d9-1674-45a1-808d-48c787529b1d,botanical_garden,2026-01-22 05:30:00,386.5,157.2,11.38,4.139,,
ddf7a598-425c-4bc1-a490-aaf5cd0f16c5,botanical_garden,2026-01-22 05:45:00,386.3,157.2,11.3,4.124,,
e338670e-e722-411e-a26c-1b7e5132e63b,botanical_garden,2026-01-22 06:00:00,386.7,156.8,11.3,4.124,,
6bf5eb10-9351-464b-a4ee-4b540f81b9ac,botanical_garden,2026-01-22 06:30:00,386.5,156.7,11.3,4.124,,
4d301f21-d55e-4598-8c56-e91def1dce1a,botanical_garden,2026-01-22 06:45:00,386.2,156.3,11.3,4.124,,
57610871-7260-493e-a9fa-db9c06ee20c8,botanical_garden,2026-01-22 07:00:00,386.3,157.3,11.23,4.124,,
84227ac3-8aef-4b8c-a29a-4e9ec8fddcbc,botanical_garden,2026-01-22 07:30:00,386.3,156.3,11.2,4.124,,
1361f8d6-59f0-40a8-9186-82aee9fb8894,botanical_garden,2026-01-22 07:45:00,386.3,156.3,11.2,4.124,,
0f3943f4-6625-4e11-9c02-8fdc39142198,botanical_garden,2026-01-22 08:00:00,386.0,156.5,11.2,4.124,,
e15b4272-2b44-4f51-b8ec-c58b153b468f,botanical_garden,2026-01-22 08:45:00,386.8,156.2,11.2,4.124,,
9b8d2a30-0277-4cb3-bb96-c6a8f494589a,botanical_garden,2026-01-22 09:15:00,384.8,156.7,11.1,4.124,,
725a3783-a3a9-428d-9813-bbecda9ac23a,botanical_garden,2026-01-22 09:30:00,384.0,157.0,11.1,4.124,,
42b99c40-f5e0-4dcd-8e32-a72d30e97956,botanical_garden,2026-01-22 09:45:00,383.8,156.2,11.1,4.109,,
8c586ff6-46c7-4e75-a8aa-6cceefd1d22f,botanical_garden,2026-01-22 10:30:00,381.7,155.7,11.1,4.109,,
405a8908-4a45-4e6d-97f2-9130ed01be4e,botanical_garden,2026-01-22 10:45:00,381.5,156.8,11.1,4.124,,
a1c806d5-2f51-4541-9755-92d7c109ea51,botanical_garden,2026-01-22 11:15:00,381.3,156.8,11.1,4.124,,
f6deaa8b-f212-4278-8fea-8ebf2a26def1,botanical_garden,2026-01-22 11:30:00,380.7,157.0,11.1,4.124,,
a5b0f6e3-c778-4950-bba5-2d15d5c63862,botanical_garden,2026-01-22 11:45:00,379.8,156.0,11.0,4.109,,
b89da56b-666e-4d59-8d4c-16e5f97b6a89,botanical_garden,2026-01-22 12:00:00,380.2,156.2,11.0,4.109,,
91e000a8-1589-4267-997f-00c7061082d8,botanical_garden,2026-01-22 12:15:00,380.2,155.7,11.0,4.124,,
f76c0572-a450-4848-8743-8b8429ee7123,botanical_garden,2026-01-22 12:45:00,381.2,156.2,11.0,4.124,,
b91d6c93-cf58-475a-ba9a-7157b7ed2bc5,botanical_garden,2026-01-22 13:00:00,381.7,156.2,10.9,4.124,,
1ab07845-11d8-4e2c-848a-e693c5a2fb5c,botanical_garden,2026-01-22 13:30:00,382.2,158.0,10.8,4.109,,
4b1c56a4-6e0d-42f9-8410-1b280dbb4b60,botanical_garden,2026-01-22 13:45:00,383.0,156.8,10.7,4.109,,
d434471d-c176-4103-b6f9-983d402db69f,botanical_garden,2026-01-22 14:00:00,383.3,156.2,10.7,4.124,,
cbf9e5df-7fe4-44b8-b837-bcf7e6024e9a,botanical_garden,2026-01-22 14:30:00,384.8,156.5,10.6,4.109,,
aaf4b7de-7aeb-4890-b671-a4276f127461,botanical_garden,2026-01-22 14:45:00,384.8,156.3,10.5,4.109,,
035d8f1c-38b5-4796-ada7-27326f322270,botanical_garden,2026-01-22 15:00:00,385.3,156.0,10.5,4.124,,
b8805cd8-2bb3-491f-ab74-44e5b21c860d,botanical_garden,2026-01-22 15:30:00,386.0,157.0,10.4,4.109,,
e4bf24b7-2625-43ba-a82c-391199ab01f7,botanical_garden,2026-01-22 15:45:00,386.2,155.3,10.4,4.109,,
4abe9ab9-53f0-44d8-bc18-8d8855a0a78c,botanical_garden,2026-01-22 16:15:00,386.7,156.0,10.3,4.215,,
dde97d73-33a4-4375-8909-0b076f032705,botanical_garden,2026-01-22 16:30:00,385.5,155.8,10.3,4.2,,
9ca9dda4-b596-46ac-8588-cc31a0ee6f7a,botanical_garden,2026-01-22 16:45:00,386.5,157.0,10.3,4.215,,
eae272b7-96d4-4b87-9998-c35de3d2a4ec,botanical_garden,2026-01-22 17:00:00,386.0,155.3,10.3,4.215,,
db80848a-9e63-431c-b3c7-a97a503f2619,botanical_garden,2026-01-22 17:15:00,385.7,155.3,10.4,4.215,,
1cae228a-aaf8-4633-bc45-e3fdb91e988c,botanical_garden,2026-01-22 17:30:00,386.0,154.3,10.4,4.23,,
848e1fea-ecf1-4142-8286-0fbb7514396e,botanical_garden,2026-01-22 17:45:00,386.2,155.7,10.4,4.245,,
025e23de-765c-4689-b707-a81332135ca0,botanical_garden,2026-01-22 18:00:00,386.2,155.7,10.4,4.23,,
8a8a3aa6-4be3-4d12-902e-12584c7ca023,botanical_garden,2026-01-22 18:30:00,386.5,155.8,10.6,4.23,,
82240036-0186-464d-ab16-f9d9ac8773d5,botanical_garden,2026-01-22 19:45:00,387.3,154.8,11.1,4.336,,
ae21ee0d-7ba0-490a-9247-9f4d527ffb18,botanical_garden,2026-01-22 20:00:00,387.5,155.3,11.3,4.336,,
cfa13fd1-a70d-4626-8c00-a47364acc2bc,botanical_garden,2026-01-22 20:30:00,387.7,155.5,11.6,4.336,,
3ffbdc4e-14fb-41f1-a778-2b174c185082,botanical_garden,2026-01-22 20:45:00,387.5,155.8,11.8,4.336,,
e0bb1de3-f35c-4300-af90-07745b7751aa,botanical_garden,2026-01-22 23:30:00,387.0,157.2,12.8,4.321,,
c74651a6-09cc-400b-ab03-5f81224b8139,botanical_garden,2026-01-23 00:45:00,386.7,157.0,12.58,4.23,,
efacd4a0-59f9-4ed1-9ec5-14c3ee0c8b72,botanical_garden,2026-01-23 01:00:00,386.5,157.5,12.5,4.124,,
29fdd959-6e96-4afd-9d0c-a3f38e6acf49,botanical_garden,2026-01-23 01:15:00,386.0,157.8,12.4,4.124,,
9f71a7f5-61cd-4282-be1a-0c2b8d04a01f,botanical_garden,2026-01-23 01:45:00,385.8,157.5,12.3,4.124,,
bc750298-70b4-4929-87ca-7d0eb99b5ef8,botanical_garden,2026-01-23 02:00:00,386.5,157.0,12.2,4.124,,
2ce1ece1-1be0-437a-a669-b93026e376a6,botanical_garden,2026-01-23 02:30:00,386.7,156.7,12.0,4.124,,
38453c09-9b8e-4119-915f-4f590de3589e,botanical_garden,2026-01-23 02:45:00,385.8,156.2,11.9,4.124,,
9bf57240-1740-4fd8-a487-3479b4d35ecd,botanical_garden,2026-01-23 03:00:00,386.2,156.5,11.8,4.139,,
c8601407-22b9-4791-9e6d-95308094c7d1,botanical_garden,2026-01-23 03:15:00,385.5,157.3,11.7,4.124,,
83f00859-2b8d-43e5-8208-96107a23e862,botanical_garden,2026-01-23 03:45:00,386.0,156.2,11.5,4.124,,
a2272fc2-090a-4d3a-a37a-672bc60d59c6,botanical_garden,2026-01-23 04:15:00,385.7,156.8,11.4,4.124,,
735800e9-6704-4f18-82c9-cbd7ba864954,botanical_garden,2026-01-23 04:45:00,385.5,156.7,11.2,4.124,,
e66aa532-4b33-4c24-9115-bc02075a989d,botanical_garden,2026-01-23 05:00:00,386.0,157.3,11.13,4.124,,
3f9c7fc5-61f1-4831-953c-0b8cc9dbef9c,botanical_garden,2026-01-23 05:15:00,385.3,156.3,11.1,4.124,,
3adfb027-d029-48e6-9205-433517848388,botanical_garden,2026-01-23 05:45:00,385.5,156.3,10.97,4.124,,
e48400fd-ed82-49a5-9aef-ca4f05c79996,botanical_garden,2026-01-23 06:45:00,385.7,155.5,10.7,4.109,,
0ad4dde0-f3f5-4e54-861d-45cf25dbed65,botanical_garden,2026-01-23 07:00:00,385.8,155.5,10.7,4.124,,
d9f1dd5f-b020-40f0-b88e-94d7eb29650d,botanical_garden,2026-01-23 07:15:00,386.0,155.7,10.6,4.109,,
163e3dfb-b51c-4605-8f40-133d90b76a48,botanical_garden,2026-01-23 07:45:00,385.7,155.7,10.6,4.124,,
1025fa5f-d5bb-4ec7-a2df-7f290f2eb4cf,botanical_garden,2026-01-23 08:15:00,385.8,154.2,10.7,4.124,,
af637906-1e78-42b3-ad2a-149e88f81ae2,botanical_garden,2026-01-23 09:15:00,385.8,156.5,10.8,4.124,,
b33fd9a7-2a4d-45f2-b637-f32cb7efc536,botanical_garden,2026-01-23 09:30:00,385.2,157.2,10.8,4.109,,
a0c53e7b-eb97-490c-aba2-1f68a8fd3696,botanical_garden,2026-01-23 09:45:00,385.3,157.3,10.8,4.124,,
65da9b8e-5c1b-4586-aabd-39a467a3a841,botanical_garden,2026-01-23 10:00:00,385.5,157.8,10.7,4.124,,
52ca10d9-301c-4991-9d6c-d3a82d1d835a,botanical_garden,2026-01-23 10:15:00,384.7,157.2,10.6,4.109,,
9189e613-7a1c-4511-b646-cfba39257ff1,botanical_garden,2026-01-23 10:30:00,383.7,158.0,10.6,4.124,,
03613066-e106-4ce0-b7f0-a0d3c1cf1f2d,botanical_garden,2026-01-23 11:30:00,383.5,155.5,10.4,4.124,,
709a0f64-ccda-4acc-8881-f326c394c67b,botanical_garden,2026-01-23 11:45:00,382.8,157.2,10.4,4.109,,
6fe4d8f9-6138-4bd3-9715-cbfc70ffdd08,botanical_garden,2026-01-23 12:00:00,383.7,157.2,10.4,4.124,,
9a3c0801-4f7a-458b-8bd5-70e64d2e384b,botanical_garden,2026-01-23 12:30:00,384.2,157.8,10.5,4.109,,
d7b52986-4ed3-4586-bb9e-7b87fc1f4535,botanical_garden,2026-01-23 12:45:00,384.0,156.2,10.6,4.109,,
b9dd3abf-8e85-4547-8641-f5c1196b4ee5,botanical_garden,2026-01-23 13:30:00,386.3,157.7,10.7,4.109,,
0fb02fcd-03f4-47f3-9b2c-ad8b0fa0efb1,botanical_garden,2026-01-23 13:45:00,387.5,156.7,10.7,4.109,,
806b19cd-295e-4a23-b9b3-07c4c9aa5db3,botanical_garden,2026-01-23 14:15:00,388.8,156.7,10.8,4.109,,
59b2ddab-15c4-4fa1-b001-841d152be9ec,botanical_garden,2026-01-23 14:45:00,389.2,155.0,10.8,4.109,,
61a2f097-ab25-4789-a69e-c4755795399e,botanical_garden,2026-01-23 15:00:00,389.2,157.5,10.8,4.109,,
679d5b81-1292-47dc-a415-6c1e2d2cea4b,botanical_garden,2026-01-23 16:00:00,389.8,156.2,10.8,4.109,,
844a4c23-d083-45cc-be7d-33e6e5edebbf,botanical_garden,2026-01-23 16:45:00,389.5,156.7,10.9,4.23,,
7774faa8-441c-4b2d-bd43-1c74062a22d3,botanical_garden,2026-01-23 17:15:00,389.5,156.3,10.9,4.245,,
82d84b59-2ab3-43a2-8088-a091dbe8b4fc,botanical_garden,2026-01-23 17:30:00,389.0,155.2,11.0,4.23,,
9fabecb5-bcba-4e88-8d50-ff7ab6063f10,botanical_garden,2026-01-23 17:45:00,388.7,154.8,11.0,4.23,,
891cba1c-c99d-4cdb-8c8b-7197e5a64f16,botanical_garden,2026-01-23 18:15:00,388.3,154.3,11.1,4.23,,
9eca5e79-cf63-4ac9-a3d4-8afe7bbf6366,botanical_garden,2026-01-23 18:30:00,387.8,155.5,11.1,4.336,,
4be0582f-3c40-45b6-97da-afc9f47a9251,botanical_garden,2026-01-23 18:45:00,387.8,156.0,11.2,4.336,,
75d484f3-6d49-4643-b57b-845adada0891,botanical_garden,2026-01-23 19:00:00,387.8,156.0,11.2,4.336,,
c5d65392-fabd-429f-8aa7-bff9172d6844,botanical_garden,2026-01-23 19:30:00,387.5,156.0,11.4,4.336,,
81d2537d-a41c-428c-9fb5-3f88b4d808b0,botanical_garden,2026-01-23 19:45:00,387.2,156.3,11.5,4.336,,
69895cee-fa26-450b-b834-f53a33758396,botanical_garden,2026-01-23 20:45:00,387.0,156.2,11.8,4.336,,
fd0914f7-7b76-423c-ab59-5848a7aa9ae2,botanical_garden,2026-01-23 21:30:00,387.0,157.0,11.9,4.336,,
8daa1d5c-330f-4ec2-896b-552da8577bab,botanical_garden,2026-01-23 21:45:00,386.8,157.5,12.0,4.336,,
a8c724df-ee5f-483d-9f5e-e11bfb67f463,botanical_garden,2026-01-23 22:15:00,386.3,157.3,12.1,4.336,,
df13286b-cbc0-442a-a26b-fcad74c4e306,botanical_garden,2026-01-23 22:30:00,386.5,157.0,12.1,4.336,,
c1897365-7e72-4e24-82b3-c448d60e4cbe,botanical_garden,2026-01-23 22:45:00,386.7,157.2,12.1,4.336,,
4be54c7c-3ac0-415e-b33a-0630a4172322,botanical_garden,2026-01-23 23:45:00,386.7,157.7,12.2,4.336,,
b0b322fa-f2e9-4580-8677-cc7b29c88254,botanical_garden,2026-01-24 00:30:00,387.5,157.5,12.0,4.23,,
6333e083-0fa5-4623-bbee-576ced8b9d5c,botanical_garden,2026-01-24 00:45:00,387.8,157.8,12.0,4.245,,
3224e37f-62ff-4bcb-be03-c6a63369a20b,botanical_garden,2026-01-24 01:45:00,387.7,158.3,11.7,4.139,,
97d47b1c-b860-4c10-af6d-6d401202fd5d,botanical_garden,2026-01-24 02:00:00,388.3,157.0,11.6,4.124,,
6b73220c-a8a6-4115-b307-792a083f1c54,botanical_garden,2026-01-24 02:15:00,388.5,157.2,11.5,4.124,,
32b83592-1023-46ec-8f84-ac87a066b6a9,botanical_garden,2026-01-24 02:30:00,388.0,157.0,11.4,4.139,,
20537c3d-9386-4c7e-a99b-98c721045745,botanical_garden,2026-01-24 02:45:00,388.3,157.7,11.4,4.124,,
5ebf0de7-2389-4ecf-9bfe-3fcf7335e192,botanical_garden,2026-01-24 03:00:00,388.3,157.2,11.3,4.124,,
489cdea5-a7e6-4ab7-a8ce-df103364f402,botanical_garden,2026-01-24 03:45:00,387.8,155.7,11.1,4.124,,
82498a98-b4f7-4267-b805-02a68d1211b9,botanical_garden,2026-01-24 04:00:00,387.7,157.0,11.0,4.109,,
4ce682f4-0232-46e8-a462-62568e4915b7,botanical_garden,2026-01-24 04:45:00,387.7,157.3,11.0,4.124,,
48f7f981-46c7-4143-beef-e984a031df23,botanical_garden,2026-01-24 05:15:00,387.7,157.0,11.0,4.124,,
e6599f95-0b5d-4b7f-9574-aaa673fa94f8,botanical_garden,2026-01-24 05:30:00,387.5,157.8,11.0,4.124,,
cb160f70-22ec-4c34-9193-dd2493ce6340,botanical_garden,2026-01-24 05:45:00,387.7,157.7,10.9,4.124,,
70f8d5e8-d564-44c8-9650-2b374a8d57f2,botanical_garden,2026-01-24 06:15:00,387.3,156.8,10.8,4.124,,
2fd91f53-5fae-46e2-a8e4-76ad1433ce95,botanical_garden,2026-01-24 06:30:00,387.5,157.7,10.72,4.124,,
4d09cb43-494e-4823-8fe9-9c5aece65427,botanical_garden,2026-01-24 06:45:00,387.2,157.5,10.7,4.124,,
cd59f829-1fd3-4ba1-8030-897bf292b5d8,botanical_garden,2026-01-24 07:00:00,387.0,156.2,10.6,4.124,,
160ed690-e958-43dd-a06c-b2db6f887ad8,botanical_garden,2026-01-24 07:30:00,387.8,156.5,10.5,4.124,,
5a3f46f5-6f56-4a30-8d55-889d03e98a2c,botanical_garden,2026-01-24 07:45:00,387.3,155.3,10.5,4.124,,
93baad47-6371-4927-b5e1-71845cde7ee0,botanical_garden,2026-01-24 08:00:00,387.7,157.0,10.58,4.124,,
a2fab7e0-a7f0-4a94-8d40-4cd0c7338d8b,botanical_garden,2026-01-24 08:45:00,387.0,156.8,10.6,4.124,,
3cee814e-9496-4517-bdb6-184bbd2ee3f3,botanical_garden,2026-01-24 09:00:00,387.0,156.8,10.6,4.124,,
fc3090ca-b661-4a06-baac-25dba6a53f0f,botanical_garden,2026-01-24 09:30:00,385.5,157.3,10.6,4.124,,
8cc6eed7-0a12-4df0-8a4b-410c4e3c0708,botanical_garden,2026-01-24 09:45:00,385.3,158.2,10.6,4.124,,
feb17db4-7cb5-4e9e-a380-a41c489d5c0a,botanical_garden,2026-01-24 10:15:00,384.0,157.7,10.6,4.124,,
fa0c0801-463f-438c-9f5d-a962cb35a964,botanical_garden,2026-01-24 10:30:00,383.3,156.2,10.6,4.124,,
a4afc518-0992-4c59-a8c0-e179a42bd416,botanical_garden,2026-01-24 10:45:00,382.8,157.3,10.6,4.124,,
92e852c4-60bf-409a-9879-e51f94aac22b,botanical_garden,2026-01-24 11:30:00,381.8,157.0,10.6,4.124,,
17f3b88f-b505-4b27-a4de-aa733e4fb5ab,botanical_garden,2026-01-24 11:45:00,381.0,157.2,10.5,4.124,,
69cf8f9d-6a7b-4fa6-82dc-62338f3333d7,botanical_garden,2026-01-24 12:00:00,381.3,158.2,10.5,4.124,,
e8770bbf-de45-4e05-89db-4e1e4ca16d7c,botanical_garden,2026-01-24 12:15:00,381.7,159.3,10.5,4.124,,
f8bfe4b1-8bd6-4b2d-8627-5d4373de947e,botanical_garden,2026-01-24 12:45:00,381.7,158.2,10.4,4.124,,
6fbc2aed-07d3-422a-aec0-864a1d106e98,botanical_garden,2026-01-24 13:45:00,383.0,156.8,10.1,4.109,,
5dcbe819-69d3-49cb-8d47-42c3b39bf044,botanical_garden,2026-01-24 14:45:00,385.7,155.5,9.8,4.109,,
87baf913-b543-4ef7-9d24-685e56d2d03b,botanical_garden,2026-01-24 15:00:00,386.0,156.2,9.8,4.109,,
24b61758-e1f5-4cb0-b10d-c53000ccbda2,botanical_garden,2026-01-24 15:15:00,386.2,154.5,9.7,4.124,,
065f30d1-055c-42fd-8da7-73aedd2b9d39,botanical_garden,2026-01-24 15:30:00,386.2,156.5,9.6,4.109,,
924c167f-5afa-4a61-abb9-4fac72a45480,botanical_garden,2026-01-24 15:45:00,386.0,157.3,9.6,4.109,,
56d275f0-8462-493e-9317-c7c65eaf628e,botanical_garden,2026-01-24 16:00:00,386.2,156.8,9.5,4.109,,
32192871-d9d6-4643-9934-05615b30ef08,botanical_garden,2026-01-24 16:15:00,386.3,157.0,9.5,4.109,,
0b1bebac-ee2f-464e-bebb-1213cf45849b,botanical_garden,2026-01-24 16:30:00,386.3,156.5,9.5,4.109,,
3f625386-274a-4590-a421-6cfeefd7cb53,botanical_garden,2026-01-24 16:45:00,386.8,156.0,9.4,4.215,,
abe74ea6-5804-4249-9284-8a7faa5db99e,botanical_garden,2026-01-24 17:15:00,387.0,155.8,9.4,4.23,,
af5d2722-394e-4b38-83a3-e36750e80db5,botanical_garden,2026-01-24 17:30:00,386.2,156.2,9.4,4.245,,
55ac76fc-39ad-4839-88e8-e70c8417866b,botanical_garden,2026-01-24 17:45:00,386.8,155.8,9.5,4.245,,
1a84bf0d-07eb-418f-8788-cf54ff863731,botanical_garden,2026-01-24 18:00:00,386.5,155.7,9.5,4.245,,
8dc98f2d-bf6e-4f2f-a045-ca153ad9a532,botanical_garden,2026-01-24 18:15:00,385.8,157.0,9.6,4.245,,
ea2f37db-1c53-4b0e-8744-f7003bd81985,botanical_garden,2026-01-24 18:30:00,386.2,155.7,9.7,4.245,,
cbc43503-b99c-40cd-a301-1b07f8ded46a,botanical_garden,2026-01-24 19:00:00,386.5,156.2,9.8,4.245,,
85d03a05-edb7-4974-945a-5768aaed4725,botanical_garden,2026-01-24 19:15:00,386.5,156.2,9.9,4.23,,
3f67b90c-b8aa-40fe-beb3-ac96ab3d46c9,botanical_garden,2026-01-24 19:45:00,385.3,155.8,10.2,4.336,,
0bcc417a-3b5b-436d-96fd-4bec91f9c093,botanical_garden,2026-01-24 20:00:00,386.2,156.0,10.3,4.336,,
8dcbc0d4-239a-42de-b7ea-7df991225f0b,botanical_garden,2026-01-24 20:15:00,385.3,156.2,10.4,4.336,,
8e36c97d-782c-4afe-b036-b3aa7fcc211d,botanical_garden,2026-01-24 20:30:00,385.3,156.5,10.6,4.336,,
bada61a4-fe00-4e4b-a238-da3a32a889ed,botanical_garden,2026-01-24 21:00:00,386.0,156.0,10.9,4.336,,
9c841ced-c67c-4e28-8bad-0604f7b22c55,botanical_garden,2026-01-24 21:30:00,385.8,156.2,11.3,4.336,,
248c25a4-0c47-4259-a3eb-3cd3b7a582b5,botanical_garden,2026-01-24 22:15:00,385.5,157.3,11.5,4.336,,
a2309aa4-fbea-46bd-9b4a-dab926163dc0,botanical_garden,2026-01-24 22:30:00,384.7,157.5,11.5,4.336,,
80d8523c-74e6-4f35-b25f-45d2df21f935,botanical_garden,2026-01-24 22:45:00,385.0,156.5,11.5,4.336,,
56c11fb6-92f0-474e-a3d2-8fdb1f214677,botanical_garden,2026-01-24 23:00:00,385.0,157.2,11.5,4.336,,
a39fec10-7160-4a78-a83a-2c0b1a0ea40a,botanical_garden,2026-01-24 23:15:00,385.0,157.2,11.5,4.336,,
083e47ce-07d6-4343-b629-3f4cf504f413,botanical_garden,2026-01-24 23:30:00,384.7,157.8,11.5,4.336,,
1ecf96e6-8bce-4d0a-97c9-eb2f68aa5ddb,botanical_garden,2026-01-24 23:45:00,384.7,157.5,11.42,4.336,,
c31784e8-2ca9-47fc-89e5-2adf9abc51d4,botanical_garden,2026-01-25 00:00:00,384.5,158.2,11.4,4.336,,
b37027ec-dd47-4ac7-9a75-af18bc79e49a,botanical_garden,2026-01-25 00:45:00,384.2,157.8,11.2,4.215,,
e900f4dd-522c-43a1-94bc-e48f80fb6605,botanical_garden,2026-01-25 01:00:00,384.2,157.0,11.1,4.139,,
8dea295e-f937-40a6-aecf-11cc3806d3c8,botanical_garden,2026-01-25 01:15:00,385.0,157.2,11.0,4.124,,
395039b8-eb9a-44b6-bb7a-084094f2dad5,botanical_garden,2026-01-25 01:30:00,385.0,157.2,11.0,4.124,,
3b5cff45-dbdf-4d02-9bf0-ffa1922c4af0,botanical_garden,2026-01-25 01:45:00,384.5,157.8,10.9,4.124,,
416b66a5-be81-45d4-a5ce-1394414763d6,botanical_garden,2026-01-25 02:00:00,385.2,158.8,10.8,4.124,,
233c45ba-66b7-49a8-b358-5c75b110c902,botanical_garden,2026-01-25 02:15:00,386.5,157.3,10.7,4.124,,
2cfab793-2072-4522-9bb6-882547da6982,botanical_garden,2026-01-25 02:30:00,388.7,157.5,10.6,4.124,,
d7d52395-38c1-481d-a9c0-0119cfde8094,botanical_garden,2026-01-25 02:45:00,390.3,157.0,10.5,4.124,,
165f2952-5173-4189-89a2-474bb3095554,botanical_garden,2026-01-25 03:15:00,387.8,157.7,10.2,4.124,,
4518d7f5-e679-4046-b67c-6603a9551f92,botanical_garden,2026-01-25 03:45:00,383.0,157.2,10.1,4.124,,
ccc1dd97-bab2-4a0c-a148-0a6363fc1b12,botanical_garden,2026-01-25 04:45:00,379.5,156.7,9.8,4.124,,
4682a168-221f-4cdb-8439-dddfae35cb4c,botanical_garden,2026-01-25 05:30:00,381.2,155.5,9.5,4.124,,
78ed6487-20db-4bff-a1fd-eb51af4b6ac5,botanical_garden,2026-01-25 05:45:00,381.2,156.0,9.5,4.124,,
62a8e572-c9ce-4e1b-bfbe-771aa2d09ee2,botanical_garden,2026-01-25 06:15:00,382.2,156.0,9.3,4.124,,
dddd5189-0824-4cf5-bed4-b37e6ad9297b,botanical_garden,2026-01-25 06:30:00,382.0,157.3,9.3,4.124,,
645f9f9e-d321-4f91-8550-8cd5cbfff6ba,botanical_garden,2026-01-25 07:00:00,382.8,155.8,9.2,4.124,,
f4cec2df-10d5-4188-a9a0-c6a1be787139,botanical_garden,2026-01-25 07:15:00,382.8,156.5,9.1,4.109,,
84162dae-4a54-40b8-bdb5-de52eafc4e47,botanical_garden,2026-01-25 07:30:00,382.8,156.0,9.1,4.124,,
f977af46-055f-4093-9bb7-017f61535b81,botanical_garden,2026-01-25 08:00:00,383.0,156.8,9.1,4.124,,
e864efe7-0985-4a6a-9414-cb46e81aa0dd,botanical_garden,2026-01-25 08:15:00,383.0,156.5,9.1,4.124,,
c8d6de03-b918-4f3f-86c7-53bfe1ae8006,botanical_garden,2026-01-25 08:45:00,383.5,157.7,9.1,4.124,,
af378a93-0536-41d7-9799-4586f2427bcb,botanical_garden,2026-01-25 09:00:00,383.5,157.0,9.1,4.124,,
6710e2ba-4357-45e4-be99-994cc47b28c1,botanical_garden,2026-01-25 09:15:00,383.5,155.3,9.07,4.109,,
e55dfc1a-b97e-4a36-b01a-4dbe83f307a2,botanical_garden,2026-01-25 09:45:00,384.2,157.2,9.0,4.124,,
80f2ca5d-7522-478f-bb4d-0cad8aac47b3,botanical_garden,2026-01-25 10:00:00,384.0,156.8,9.0,4.124,,
383ec58d-0688-4207-973b-c572a8811571,botanical_garden,2026-01-25 10:15:00,384.5,156.7,9.0,4.124,,
212fdc77-2e34-47e0-ab08-c745478ebde8,botanical_garden,2026-01-25 10:30:00,384.0,156.0,9.0,4.124,,
762d5b2d-b056-4dde-a9a5-00cea3738f38,botanical_garden,2026-01-25 10:45:00,384.0,155.5,9.0,4.109,,
a20f5579-9dc3-490a-8566-a4015907c857,botanical_garden,2026-01-25 11:00:00,384.7,156.8,9.0,4.124,,
41ba438f-379f-4118-a898-a44a18e664cb,botanical_garden,2026-01-25 11:15:00,384.3,156.7,9.0,4.109,,
f1da6e20-dda5-4c90-ac61-d17554862adc,botanical_garden,2026-01-25 11:30:00,384.3,156.8,9.0,4.124,,
3488cfbe-732d-43a2-9a24-b4cc097f4a95,botanical_garden,2026-01-25 12:00:00,384.3,156.3,9.0,4.124,,
dcbe1df5-b430-4802-9c3b-fcbbc2abb1df,botanical_garden,2026-01-25 12:30:00,384.3,157.0,9.0,4.109,,
e0518d78-b047-448a-99dd-4143d75b5d20,botanical_garden,2026-01-25 12:45:00,384.7,154.8,9.0,4.124,,
08ec1fd4-b279-4241-8a33-fdac815b2733,botanical_garden,2026-01-25 13:00:00,384.3,155.5,8.97,4.109,,
873463e2-ed5b-4116-b67f-ee8dd5ae6a96,botanical_garden,2026-01-25 13:30:00,384.5,157.0,8.9,4.109,,
13480cc0-68a6-4aef-b100-6b64cee2cbbd,botanical_garden,2026-01-25 13:45:00,384.5,157.3,8.9,4.109,,
23bc240a-fee5-4d56-8878-07bdbeae18c6,botanical_garden,2026-01-25 14:15:00,384.2,156.7,8.9,4.109,,
16366216-e191-4f28-a371-0a13dd5982b5,botanical_garden,2026-01-25 14:30:00,384.2,156.8,8.9,4.124,,
b128c904-e2a1-4736-86b9-dba0c97cb7f4,botanical_garden,2026-01-25 14:45:00,384.0,156.0,8.9,4.109,,
dbc06710-ba2e-4cdb-8dcb-eb7000eecdbb,botanical_garden,2026-01-25 15:15:00,384.0,156.0,8.9,4.109,,
74eb325f-82cc-4ccb-88f8-0bb6edde3712,botanical_garden,2026-01-25 15:45:00,384.2,156.8,8.9,4.215,,
0575b9dd-e804-44b6-bc0c-0bf10d65afed,botanical_garden,2026-01-25 16:00:00,384.2,155.5,8.9,4.215,,
72ec4d08-af75-4527-967a-30b3c17bbeb8,botanical_garden,2026-01-25 16:30:00,384.0,155.5,9.0,4.23,,
ab8485a6-5ae6-47ec-83bb-e10a47d731d3,botanical_garden,2026-01-25 16:45:00,383.7,156.8,9.0,4.23,,
d22ba3f1-a728-44c5-b62a-1a49230dcdf9,botanical_garden,2026-01-25 17:15:00,383.0,155.5,9.1,4.245,,
3f024a4f-c335-4e85-b412-4d2bcefbb7ce,botanical_garden,2026-01-25 17:30:00,383.0,156.3,9.2,4.23,,
f4655474-151e-4448-9dc4-078a92efe048,botanical_garden,2026-01-25 18:00:00,382.8,155.3,9.3,4.23,,
7fad95ef-464a-4abf-94ee-41220cea36eb,botanical_garden,2026-01-25 18:45:00,382.5,155.2,9.5,4.336,,
036cb761-ece7-4aff-af2f-156c02563fc3,botanical_garden,2026-01-25 20:15:00,389.5,156.2,10.1,4.336,,
f9a07dad-9acd-48f3-9d26-2e04e47935db,botanical_garden,2026-01-25 20:45:00,391.3,156.8,10.4,4.336,,
bd02763e-0865-4451-a125-f9b0c8ad34b8,botanical_garden,2026-01-25 21:45:00,378.8,157.2,10.9,4.336,,
84f99328-4dbd-4b0b-a705-ecfa8f68ece0,botanical_garden,2026-01-25 22:45:00,378.5,155.3,10.9,4.336,,
fd309f05-1290-4644-b7ec-04de6af88ac2,botanical_garden,2026-01-25 23:00:00,379.0,156.5,10.9,4.336,,
67480f5e-ab60-47dd-b1df-99a2e174792c,botanical_garden,2026-01-25 23:15:00,379.3,156.7,10.9,4.336,,
50c30e5d-a79a-48ba-924a-dc1b9ad7cdff,botanical_garden,2026-01-26 00:00:00,380.7,157.2,10.9,4.336,,
424d2b93-d9dc-4d0d-b8d5-bea87386b8d4,botanical_garden,2026-01-26 00:30:00,380.8,156.2,10.9,4.23,,
df8bd3e8-a678-402c-a2e1-e908121f43f5,botanical_garden,2026-01-26 00:45:00,381.3,155.7,10.8,4.23,,
41de2fa3-aee0-4143-a28f-2ff4aa47a5a5,botanical_garden,2026-01-26 01:00:00,381.5,156.2,10.8,4.215,,
dc4e7eaf-4bdc-481b-b21c-bad223bf2f42,botanical_garden,2026-01-26 01:30:00,381.8,157.5,10.7,4.139,,
63587604-d8eb-4984-aff6-b903c9a47d60,botanical_garden,2026-01-26 01:45:00,381.8,155.3,10.68,4.124,,
f23acbb5-08ca-4114-b6bf-0b70d6302512,botanical_garden,2026-01-26 02:30:00,381.8,156.7,10.4,4.124,,
f84f267d-75f5-4f74-be37-330477881979,botanical_garden,2026-01-26 02:45:00,381.3,157.0,10.3,4.124,,
2f644702-048c-47b1-bb6c-ab2c9af816b3,botanical_garden,2026-01-26 03:15:00,381.7,156.5,10.2,4.124,,
89e9bc72-a848-4115-9e2b-0e6cf8917744,botanical_garden,2026-01-26 03:45:00,382.3,155.2,10.1,4.124,,
5907bb5e-d30c-476b-a2bf-b02d365bfc0f,botanical_garden,2026-01-26 04:30:00,381.7,155.8,10.0,4.124,,
6f452d13-38f4-4615-8a83-0b694cb08bb6,botanical_garden,2026-01-26 04:45:00,381.3,157.7,9.9,4.124,,
f7997858-3d7e-4e4d-b60a-debb41cf7b4b,botanical_garden,2026-01-26 05:30:00,381.2,157.8,9.8,4.124,,
d3a5b482-e265-475a-b7d3-946154362189,botanical_garden,2026-01-26 05:45:00,381.3,157.2,9.8,4.124,,
dc41c318-9b3d-4c6a-a67a-90b686da4a5a,botanical_garden,2026-01-26 06:30:00,381.3,156.0,9.7,4.124,,
a67c93ce-1c4c-4004-a3ac-a4574c14dc2e,botanical_garden,2026-01-26 07:15:00,381.3,157.0,9.6,4.124,,
4beceee1-15b7-49e8-ad74-a3a8d91c49d1,botanical_garden,2026-01-26 07:45:00,382.0,156.5,9.6,4.124,,
5a08b38d-b665-4794-97e5-298f0c519615,botanical_garden,2026-01-26 08:30:00,382.0,156.3,9.6,4.124,,
75f752bc-5f13-4675-a1a7-9c56fd796ba3,botanical_garden,2026-01-26 08:45:00,382.7,156.8,9.6,4.109,,
87602dba-3ff3-4f08-8121-57bbc4bab8d7,botanical_garden,2026-01-26 09:45:00,385.0,155.8,9.6,4.124,,
d3283bd7-4bb7-4442-b498-6e973bf12d09,botanical_garden,2026-01-26 10:30:00,382.5,156.3,9.6,4.124,,
29f18678-2590-4e73-835e-ed698ae83e9b,botanical_garden,2026-01-26 10:45:00,382.3,156.7,9.6,4.124,,
fe8de9ba-e3a1-49b8-acbd-8a9f24bb320d,botanical_garden,2026-01-26 11:15:00,381.8,156.3,9.6,4.124,,
c7d86d37-0b7c-477e-a294-6cb3e2b25247,botanical_garden,2026-01-26 11:30:00,381.0,156.2,9.6,4.124,,
ca08dfdb-420a-4a9d-b315-0f98bb86fab4,botanical_garden,2026-01-26 11:45:00,380.5,158.0,9.6,4.124,,
7ac51a93-ef41-4df4-a4db-31bca9796177,botanical_garden,2026-01-26 12:30:00,380.5,156.2,9.6,4.124,,
b8be2b58-aa2a-4b64-8d4b-1239a11969fd,botanical_garden,2026-01-26 12:45:00,379.7,157.0,9.6,4.124,,
297e7c1f-4cb4-4821-b184-b2fbf8667c31,botanical_garden,2026-01-26 13:00:00,380.3,157.2,9.6,4.124,,
43349413-c0e6-48d5-91a2-04532ac5db5d,botanical_garden,2026-01-26 13:30:00,382.2,156.5,9.6,4.109,,
6dc026b2-0835-47db-81b7-e2fb37595b46,botanical_garden,2026-01-26 13:45:00,383.0,156.3,9.6,4.124,,
944d0dca-b3dc-421f-ada0-c8b5627b995e,botanical_garden,2026-01-26 14:00:00,383.8,156.8,9.6,4.109,,
378d37e5-f993-479f-98f0-2ff7d43593a6,botanical_garden,2026-01-26 14:15:00,384.2,155.0,9.6,4.109,,
50ed4fb6-fab1-4fac-8762-6ddff4be9b86,botanical_garden,2026-01-26 14:45:00,384.5,155.2,9.55,4.109,,
be7c7bbc-7172-4f85-a0ae-0f689d3d846b,botanical_garden,2026-01-26 15:30:00,385.0,156.2,9.5,4.109,,
9c144877-e036-4284-afc0-54f5364a9dd4,botanical_garden,2026-01-26 15:45:00,385.8,156.2,9.4,4.124,,
8d950c10-1525-4dea-be1c-e7ca969a49c2,botanical_garden,2026-01-26 16:15:00,386.3,156.7,9.3,4.109,,
2fc34dc4-b310-428a-8e71-9cbcfdba9551,botanical_garden,2026-01-26 16:45:00,385.5,154.0,9.2,4.215,,
24b05881-ee39-48fa-949c-f268f32850e1,botanical_garden,2026-01-26 17:30:00,385.5,154.3,9.12,4.23,,
6b88d9c7-062a-4e66-8735-8c327dae5b37,botanical_garden,2026-01-26 17:45:00,385.5,155.7,9.2,4.23,,
3a9e9307-90ea-458f-902c-170b8c0d3624,botanical_garden,2026-01-26 18:30:00,384.8,157.0,9.3,4.245,,
28633163-1297-4ca2-82c3-6c8a6877011f,botanical_garden,2026-01-26 18:45:00,384.8,156.7,9.4,4.245,,
d794b010-2657-4eae-9e00-1bb189a4116e,botanical_garden,2026-01-26 19:00:00,384.2,156.2,9.5,4.23,,
59f9cdb9-a9bd-4bd4-9b29-e6797b483170,botanical_garden,2026-01-26 20:15:00,383.7,155.7,10.3,4.336,,
64c9ac3c-13c3-4e80-970b-ce7e538dcda2,botanical_garden,2026-01-26 20:30:00,383.7,155.5,10.4,4.336,,
6fa42cb0-f0f9-4120-a09b-d8725786cb9e,botanical_garden,2026-01-26 20:45:00,383.8,155.0,10.6,4.336,,
111fbec0-ad02-4546-9e64-19feb0d23bba,botanical_garden,2026-01-26 21:00:00,383.5,155.2,10.8,4.336,,
7b3efcd3-a11e-4ef8-b83f-4ae950c16d75,botanical_garden,2026-01-26 21:45:00,383.0,155.5,11.5,4.351,,
5328beea-122f-4803-b5fc-d95d7f652a72,botanical_garden,2026-01-26 22:30:00,383.8,156.7,11.7,4.336,,
f3722491-4410-49eb-bcdb-f87e3c5ed81c,botanical_garden,2026-01-26 23:15:00,384.0,157.7,11.8,4.321,,
b8cf017b-5437-4217-aeab-71bf58ed278e,botanical_garden,2026-01-26 23:45:00,384.2,158.2,11.8,4.336,,
f7ee3ea1-f109-49c2-a7fe-aeb8b3ca6a3d,botanical_garden,2026-01-27 00:00:00,384.0,157.3,11.7,4.336,,
b5503790-7f4b-4c04-bac3-0ee5f2032017,botanical_garden,2026-01-27 00:15:00,383.8,157.8,11.7,4.336,,
a3270567-1422-46ee-aa68-ebac209250d3,botanical_garden,2026-01-27 00:30:00,384.0,158.2,11.6,4.23,,
8a3dbcd8-0595-4cc7-942a-848adeb74fc0,botanical_garden,2026-01-27 00:45:00,384.0,158.2,11.6,4.23,,
2f389273-7474-4979-83da-ed8bae7de918,botanical_garden,2026-01-27 01:30:00,383.5,157.8,11.37,4.124,,
bbdf03bd-cfb9-4b09-868a-10e5c551e34a,botanical_garden,2026-01-27 02:30:00,383.2,158.3,11.0,4.139,,
c1b048ed-5159-4a36-9cf8-8867f7df7a97,botanical_garden,2026-01-27 02:45:00,383.2,159.2,10.9,4.124,,
78d59dc9-8c4a-49aa-9d9e-598dd4ef126d,botanical_garden,2026-01-27 03:00:00,383.2,158.7,10.8,4.124,,
10646876-1897-4c91-8901-eb7b74256d36,botanical_garden,2026-01-27 03:15:00,383.0,158.2,10.7,4.124,,
c51a7f51-7b7b-4f3c-b0b1-f4bc0ef9ba3f,botanical_garden,2026-01-27 03:45:00,383.0,158.5,10.5,4.124,,
19d47343-0c48-46fa-ab12-a821cfec122d,botanical_garden,2026-01-27 04:15:00,382.7,158.5,10.3,4.124,,
7b69682f-a5cc-4a1f-9935-ac10906835e2,botanical_garden,2026-01-27 04:30:00,383.5,158.3,10.3,4.124,,
85c95207-7c29-4e42-9aba-0ac98d1b5a48,botanical_garden,2026-01-27 05:00:00,383.0,157.7,10.12,4.124,,
87821b67-7979-49ba-b932-2f97d39ab72b,botanical_garden,2026-01-27 05:30:00,382.8,157.0,10.05,4.124,,
a8ca7c17-5773-474e-9861-492f35fd5ab6,botanical_garden,2026-01-27 05:45:00,382.8,156.8,10.0,4.124,,
4dc93ed8-8bb5-4bae-ab09-b389ac235316,botanical_garden,2026-01-27 06:15:00,382.7,156.7,9.9,4.124,,
3ed8349c-683e-463b-b24e-64edf8359ad5,botanical_garden,2026-01-27 06:45:00,382.7,156.2,9.8,4.124,,
85f29743-0a8e-44f5-9c3c-5965893054db,botanical_garden,2026-01-27 07:00:00,382.8,156.2,9.8,4.124,,
b0301b9f-24c3-4359-a16b-f5c26ab27a45,botanical_garden,2026-01-27 07:15:00,383.0,155.7,9.8,4.109,,
6cd4e1a2-4b4f-4cbc-9a0e-e169b1e338a4,botanical_garden,2026-01-27 07:30:00,382.7,156.5,9.8,4.124,,
9359b836-2a29-40a3-bbe6-9f899fa3b4d1,botanical_garden,2026-01-27 07:45:00,383.0,156.0,9.7,4.124,,
b2d19ce5-211a-4f2d-9aac-67563e7f0e3b,botanical_garden,2026-01-27 08:15:00,384.2,156.2,9.7,4.124,,
e0a8b10a-b4ad-4865-9293-f646fd1b1573,botanical_garden,2026-01-27 08:30:00,384.0,157.0,9.7,4.124,,
d1d6bc03-cffe-4276-adf4-a565da425985,botanical_garden,2026-01-27 09:00:00,385.3,156.8,9.7,4.124,,
4fdfccc7-f90b-40f3-ae33-852b41925763,botanical_garden,2026-01-27 09:15:00,386.0,156.7,9.7,4.109,,
a583c731-5682-4ee9-a6a6-f9b8b8f4e591,botanical_garden,2026-01-27 09:30:00,385.8,157.0,9.6,4.124,,
f745bd43-9cac-485a-a507-af82367b2573,botanical_garden,2026-01-27 09:45:00,386.7,158.3,9.6,4.124,,
1a4f9c33-e67a-40bc-8952-fe6181b0b47c,botanical_garden,2026-01-27 10:00:00,386.7,158.2,9.6,4.124,,
62bab35f-d542-46df-b58a-af40fd046ec7,botanical_garden,2026-01-27 10:15:00,385.8,157.3,9.6,4.109,,
28a178fc-67bc-4d2f-aad9-f77ba7849e0f,botanical_garden,2026-01-27 10:30:00,384.7,157.7,9.6,4.124,,
59a256a4-d171-4e95-9dfc-e01e25cce515,botanical_garden,2026-01-27 10:45:00,383.2,157.7,9.5,4.109,,
615447d6-8ae5-4319-bbc3-15ffa0e8a4ef,botanical_garden,2026-01-27 11:30:00,380.0,158.0,9.5,4.124,,
d3041382-c442-487f-beb1-dbd56cdf61a7,botanical_garden,2026-01-27 11:45:00,379.0,157.3,9.5,4.124,,
8cee13a4-a087-4748-a79a-95964b79be6f,botanical_garden,2026-01-27 12:15:00,378.5,157.5,9.4,4.124,,
ab0f8443-a930-43d0-9022-de0f32458b07,botanical_garden,2026-01-27 12:30:00,378.5,157.2,9.4,4.109,,
9a50ab21-7c92-4eaf-8faa-cd008eb1e49e,botanical_garden,2026-01-27 12:45:00,379.3,157.7,9.4,4.109,,
40e5a058-589a-4336-9012-6dc6494c9a82,botanical_garden,2026-01-27 13:00:00,379.2,157.2,9.4,4.109,,
0b577614-4636-47ca-8aa6-cb43ccebdf67,botanical_garden,2026-01-27 13:30:00,379.5,157.0,9.3,4.094,,
d10359ef-982a-412b-8dde-49faf1053e6d,botanical_garden,2026-01-27 13:45:00,379.7,156.8,9.3,4.124,,
e276024b-f3b5-41ae-80f8-39c2cc5c6222,botanical_garden,2026-01-27 14:30:00,381.0,156.0,9.2,4.124,,
ffbbd09c-5908-4cab-bdf6-18656e522514,botanical_garden,2026-01-27 14:45:00,381.7,157.7,9.1,4.124,,
75deb1ef-7a81-436e-bb5e-cd2fb75e5769,botanical_garden,2026-01-27 15:00:00,381.8,156.0,9.1,4.109,,
8087a0d2-a3c2-4361-9431-64b0fc72d84e,botanical_garden,2026-01-27 15:15:00,382.2,156.8,9.1,4.109,,
0025fe4a-6bf3-4c2e-9628-7304d451a497,botanical_garden,2026-01-27 17:00:00,384.5,156.0,9.1,4.23,,
fb86e877-6de3-44e1-bd5b-74ab1533b96e,botanical_garden,2026-01-27 18:30:00,383.2,157.7,9.48,4.23,,
73de53cf-936c-4f90-a22a-3c3618e96854,botanical_garden,2026-01-27 18:45:00,382.8,157.7,9.53,4.23,,
01f96b75-370d-4598-b073-258e80e47ca1,botanical_garden,2026-01-27 19:15:00,369.5,155.5,10.0,4.336,,
51672995-3be8-4145-a904-43a0fcfdda47,botanical_garden,2026-01-27 20:30:00,367.8,157.3,10.8,4.321,,
27b5ee68-b126-4062-99db-4b6db623a78f,botanical_garden,2026-01-27 21:00:00,377.2,157.2,11.0,4.336,,
b2cef544-450e-4b35-9b33-ad9726e272b4,botanical_garden,2026-01-27 21:15:00,379.0,157.2,11.0,4.23,,
4a979203-e315-49aa-8b99-c87a08d97a6b,botanical_garden,2026-01-27 21:45:00,380.2,156.5,11.1,4.336,,
cbdc261d-3fef-45ad-ad09-b053ba5cf46e,botanical_garden,2026-01-27 22:30:00,381.5,156.3,11.3,4.321,,
7839b491-6b3e-4a2d-9bac-ff8f66b3993b,botanical_garden,2026-01-27 22:45:00,381.3,156.8,11.4,4.23,,
44af933f-050e-423f-81f1-e99ad11a2762,botanical_garden,2026-01-27 23:00:00,381.5,156.7,11.4,4.245,,
4ad428af-62f7-476e-949d-8ad786a27560,botanical_garden,2026-01-27 23:30:00,382.2,158.0,11.4,4.23,,
cc7db8fd-b5d7-4ecf-9ef4-67ae206d6abe,botanical_garden,2026-01-28 00:15:00,381.7,156.3,11.4,4.23,,
6d5afa3f-2168-416d-824f-fa014db5512c,botanical_garden,2026-01-28 00:30:00,382.2,155.8,11.4,4.336,,
6afd005e-4c5a-45cb-ad34-f2246853fbb7,botanical_garden,2026-01-28 01:15:00,383.5,156.8,11.4,4.139,,
d1717a2f-a470-411f-952b-7fb4cc394710,botanical_garden,2026-01-28 02:00:00,387.7,156.7,11.3,4.139,,
be86a1b7-f63e-4e25-be58-3d3996e61d44,botanical_garden,2026-01-28 02:30:00,386.5,156.7,11.2,4.124,,
b0eb9c9c-5421-43a1-a341-e22beab18b64,botanical_garden,2026-01-28 02:45:00,386.3,158.3,11.2,4.139,,
9e755733-36c4-4f7f-97a9-3aed0698c424,botanical_garden,2026-01-28 04:15:00,377.3,158.8,11.2,4.124,,
ec1f3d8b-82bd-4761-b7c6-8e6e898d6e21,botanical_garden,2026-01-28 04:30:00,378.2,157.3,11.2,4.109,,
6d2d1fb1-61fb-4f09-98dd-e338d58a9710,botanical_garden,2026-01-28 04:45:00,379.7,157.8,11.2,4.124,,
5f089409-36c3-4dde-a38a-2da08b9324ab,botanical_garden,2026-01-28 05:30:00,379.7,157.8,11.2,4.124,,
1590535b-4f68-4e99-9fda-c3d41f0602bd,botanical_garden,2026-01-28 05:45:00,379.8,156.8,11.2,4.109,,
ab0f07eb-c6ca-47f6-a266-8512e4456f03,botanical_garden,2026-01-28 06:45:00,381.5,157.5,11.22,4.124,,
17ffc71f-1759-48ce-b02a-5fa697f8716b,botanical_garden,2026-01-28 07:30:00,382.0,157.8,11.3,4.124,,
e62619b7-dfa6-4617-89ad-cd69b89dce23,botanical_garden,2026-01-28 07:45:00,383.3,158.0,11.3,4.124,,
ce11c34c-e0fb-40c0-b51f-9cfb2e642da8,botanical_garden,2026-01-28 09:00:00,384.8,156.8,11.3,4.124,,
2429b7b9-b9b4-4442-9503-ca18d3c11b47,botanical_garden,2026-01-28 09:15:00,384.0,158.8,11.3,4.124,,
033c4ec5-e650-4368-87d0-39b63858a747,botanical_garden,2026-01-28 09:30:00,384.7,157.3,11.3,4.109,,
ccc03a03-2acb-4e23-9349-66b2d58ec41f,botanical_garden,2026-01-28 09:45:00,385.0,158.2,11.3,4.124,,
f43fdd9b-298f-4e04-abf8-d19cb4754e84,botanical_garden,2026-01-28 10:30:00,381.5,157.8,11.3,4.109,,
c9494c9a-4a65-4bb4-a3bc-cbb72cf9cdc5,botanical_garden,2026-01-28 10:45:00,381.8,157.0,11.3,4.109,,
c5204f5a-2f02-4dd1-8ea6-e87670087393,botanical_garden,2026-01-28 11:15:00,381.5,158.3,11.3,4.109,,
12e70e74-c148-4e0d-9370-cf5f501fb137,botanical_garden,2026-01-28 11:45:00,378.7,157.8,11.3,4.109,,
bd00ec64-5076-43ac-9dd1-f25e619dbd3d,botanical_garden,2026-01-28 12:30:00,380.2,158.3,11.2,4.124,,
ab37dc69-0401-45b3-a4f0-6fb572dafd1e,botanical_garden,2026-01-28 12:45:00,379.2,158.7,11.2,4.109,,
52d1d6ac-2854-40a2-b9d8-27c430775b91,botanical_garden,2026-01-28 13:15:00,381.2,158.3,11.1,4.109,,
0fe784c7-03dc-4a2e-b00b-33c3614394cb,botanical_garden,2026-01-28 13:30:00,382.3,159.0,11.0,4.124,,
2a6e4e3c-c218-410c-b2dd-5102ff53fe47,botanical_garden,2026-01-28 13:45:00,360.8,158.7,10.9,4.124,,
1347fbec-21f8-4f9d-8952-8f7ae9158f30,botanical_garden,2026-01-28 14:45:00,385.5,159.2,10.7,4.109,,
07739ee7-3320-4887-a9e5-69ca66f95529,botanical_garden,2026-01-28 15:00:00,385.2,158.3,10.7,4.109,,
9aa12bdd-fb82-4fbf-a80f-eef4ee0a7a4e,botanical_garden,2026-01-28 15:15:00,385.3,158.2,10.6,4.109,,
1ba13c4c-1d58-4010-8730-837a2595d148,botanical_garden,2026-01-28 15:30:00,385.3,157.8,10.6,4.109,,
823f1fa7-6206-4367-b52c-f8d18928c3c2,botanical_garden,2026-01-28 15:45:00,385.3,157.2,10.5,4.109,,
70153b55-e951-4619-83ca-07282ea5780f,botanical_garden,2026-01-28 16:00:00,385.5,157.5,10.5,4.2,,
545c15d4-34d3-43f1-af46-4c6555a15914,botanical_garden,2026-01-28 16:15:00,385.2,156.5,10.5,4.215,,
0f6b359d-18c0-4871-8d87-4306a12b237e,botanical_garden,2026-01-28 17:30:00,385.2,156.3,10.5,4.23,,
c68d2931-9dd6-4740-8c15-e0004c12892b,botanical_garden,2026-01-28 17:45:00,384.8,156.3,10.6,4.245,,
90470974-0416-4b5a-b5fc-a484b323b686,botanical_garden,2026-01-28 18:00:00,385.2,157.0,10.7,4.23,,
d435728f-e8a3-4acb-ae1d-2b84b9e4501d,botanical_garden,2026-01-28 18:15:00,385.2,156.7,10.7,4.245,,
9d3e073c-066a-493d-8fe0-b6ddd01070f3,botanical_garden,2026-01-28 18:45:00,384.8,156.8,10.9,4.245,,
17945043-793a-4f21-8449-6cdf7a0c3429,botanical_garden,2026-01-28 19:00:00,385.0,157.8,11.0,4.23,,
c6030a0a-50cb-4dec-97dc-2b1ef83c5c1d,botanical_garden,2026-01-28 19:15:00,384.2,156.5,11.1,4.336,,
e33ef1fa-4b44-4359-a145-64cc4372bc26,botanical_garden,2026-01-28 19:30:00,384.0,155.8,11.2,4.336,,
4f9b5eee-bbd9-4012-b17f-6a935c207477,botanical_garden,2026-01-28 19:45:00,383.8,156.8,11.4,4.336,,
e1a0ce64-dec1-4f3f-8a10-d1d903302e61,botanical_garden,2026-01-28 20:00:00,383.2,157.5,11.5,4.336,,
f6c963e1-ad4f-40e2-9f56-5ef5d0c3fc10,botanical_garden,2026-01-28 20:15:00,383.3,158.7,11.68,4.336,,
59f2cc64-fe8b-42ff-924d-a4dfc3800670,botanical_garden,2026-01-28 20:30:00,383.3,158.0,11.8,4.336,,
a5bb1e79-7634-4cee-be41-466094493e35,botanical_garden,2026-01-28 20:45:00,383.7,157.3,11.9,4.336,,
4fef0617-aa39-48fe-ae11-92eb032f4117,botanical_garden,2026-01-28 21:00:00,383.5,157.7,12.0,4.336,,
bc6918ed-234e-420b-8682-35510d808d75,botanical_garden,2026-01-28 21:15:00,383.7,157.0,12.2,4.336,,
b2ab68d0-fcdc-4632-b07c-899f302c9119,botanical_garden,2026-01-28 21:30:00,383.5,157.2,12.3,4.336,,
c921a8ac-9c12-4070-a4e1-2176cbdb061e,botanical_garden,2026-01-28 21:45:00,383.7,158.0,12.5,4.336,,
e87041ed-45e0-43d0-9fdc-c2d300d606b5,botanical_garden,2026-01-28 22:00:00,383.5,157.5,12.6,4.336,,
54aaa94e-7f4e-4c89-a837-7b8d62de518f,botanical_garden,2026-01-28 22:15:00,383.5,157.8,12.7,4.336,,
258ccfbb-2f09-4860-a482-c04b19dd4f84,botanical_garden,2026-01-28 22:30:00,383.7,157.0,12.7,4.336,,
499a74ec-0517-422f-8af9-f3735ab6fb95,botanical_garden,2026-01-28 22:45:00,383.8,157.0,12.7,4.321,,
c65338b1-7743-4a82-a4d3-9ee13af89a47,botanical_garden,2026-01-28 23:15:00,383.5,157.8,12.8,4.336,,
77f3f595-2301-4b3f-9bf9-ccd10577ce8e,botanical_garden,2026-01-28 23:30:00,383.7,157.2,12.8,4.336,,
b310e4ac-599a-4676-95e4-a99904eb8ae6,botanical_garden,2026-01-28 23:45:00,384.3,158.5,12.8,4.336,,
cf679842-e42f-4256-978f-8343697e4323,botanical_garden,2026-01-29 00:00:00,384.0,157.7,12.77,4.336,,
5b16273a-059b-4069-a4a9-6c8662e47576,botanical_garden,2026-01-29 00:15:00,384.5,158.5,12.7,4.336,,
42f3d8b5-2889-4cfb-b97e-f50ce3962df4,botanical_garden,2026-01-29 00:30:00,384.7,159.2,12.6,4.245,,
01d97347-eabb-4fca-997e-ff10255ee46f,botanical_garden,2026-01-29 00:45:00,384.2,158.5,12.6,4.215,,
f1da3263-e906-4c98-a8e3-23556e230ec8,botanical_garden,2026-01-29 01:00:00,383.8,159.0,12.5,4.215,,
b5eb0a7e-145a-4770-9e55-6122b7fa4fae,botanical_garden,2026-01-29 01:15:00,383.3,159.2,12.4,4.139,,
5ce6bb0f-bb28-4cd9-96bf-65c154ddc118,botanical_garden,2026-01-29 01:30:00,384.0,158.5,12.35,4.124,,
86bb7258-7610-4d97-8430-4b04ab57e6fe,botanical_garden,2026-01-29 01:45:00,379.5,158.5,12.23,4.124,,
4627da29-c186-4c68-a021-867c65bf7a3b,botanical_garden,2026-01-29 02:00:00,384.2,158.7,12.1,4.124,,
74ce3a7c-61d3-4961-8db3-52d0bf2bca15,botanical_garden,2026-01-29 02:15:00,384.2,158.8,12.08,4.124,,
d460eb45-f5f6-4426-8cb2-859078715d80,botanical_garden,2026-01-29 02:30:00,384.5,158.2,12.0,4.124,,
29e75545-92de-416d-9ad2-abe7fa32dd07,botanical_garden,2026-01-29 02:45:00,384.0,156.5,11.9,4.124,,
6c6bebc6-1ccc-4386-ac41-330a6b29dcc2,botanical_garden,2026-01-29 03:00:00,384.2,157.8,11.8,4.124,,
9e3b0ae6-ba46-41c0-9f88-9c8cf22a0429,botanical_garden,2026-01-29 03:15:00,384.3,156.7,11.7,4.124,,
0a77bb43-b46f-4337-a3c5-6df7ef57433d,botanical_garden,2026-01-29 03:30:00,383.7,158.0,11.6,4.124,,
d0f662b2-4152-49b8-b3cf-35cb9aaa3c48,botanical_garden,2026-01-29 03:45:00,383.7,156.2,11.5,4.124,,
fc356d35-e555-44b4-8a27-69248764c3b1,botanical_garden,2026-01-29 04:00:00,383.7,157.2,11.5,4.109,,
060c7293-2ca1-40f0-8221-24087f27d379,botanical_garden,2026-01-29 04:15:00,382.8,156.3,11.4,4.124,,
9003de11-10c9-457c-8924-f2dac48df5a2,botanical_garden,2026-01-29 04:30:00,383.0,157.8,11.3,4.124,,
7d37cf4b-0d6d-4243-a8ee-a8de8ffbf109,botanical_garden,2026-01-29 04:45:00,382.8,156.7,11.3,4.124,,
a00db053-18a2-4491-90c9-b2fc8b586167,botanical_garden,2026-01-29 05:00:00,383.0,157.0,11.2,4.124,,
877687f9-6c4f-43be-8c06-06f4c90d3cc0,botanical_garden,2026-01-29 05:15:00,383.2,157.0,11.1,4.124,,
a999df5c-d769-4b23-b534-89179f40413f,botanical_garden,2026-01-29 05:30:00,383.2,156.5,11.1,4.124,,
1913376f-f2c2-4728-8afb-cfe1b84350c9,botanical_garden,2026-01-29 05:45:00,382.5,156.3,11.0,4.124,,
96246cb4-bf48-43fc-aa9e-95edebcf87bd,botanical_garden,2026-01-29 06:15:00,382.7,155.2,10.9,4.124,,
4b1037b4-5361-4b67-a641-95ff0c2402ab,botanical_garden,2026-01-29 06:30:00,382.8,154.8,10.9,4.124,,
4907f728-6027-4368-bfd6-1ee997ae0a85,botanical_garden,2026-01-29 06:45:00,383.2,155.5,10.8,4.124,,
d624ffb5-6fbe-4f95-b97d-e8bc082baa06,botanical_garden,2026-01-29 07:00:00,383.5,156.0,10.8,4.139,,
54103032-a992-4bf9-b80c-41ced079d146,botanical_garden,2026-01-29 07:15:00,383.3,155.2,10.8,4.124,,
52591ea1-9a12-4ffe-83b7-e155a40925bd,botanical_garden,2026-01-29 07:30:00,383.5,154.7,10.7,4.124,,
caf570c4-3407-4d69-a39c-34ed5c406329,botanical_garden,2026-01-29 07:45:00,384.0,154.7,10.7,4.124,,
993549c7-4720-4253-a54e-e3f9b685afd8,botanical_garden,2026-01-29 08:00:00,384.2,155.5,10.7,4.124,,
7fcccf0b-54eb-40ab-aa69-3e373a09fd10,botanical_garden,2026-01-29 08:15:00,384.3,156.0,10.6,4.124,,
142869b3-557b-4828-8355-83a25dd57ff9,botanical_garden,2026-01-29 08:30:00,384.5,156.0,10.6,4.124,,
df8358fb-727a-4c19-94ab-093480e77bfb,botanical_garden,2026-01-29 08:45:00,385.2,155.2,10.5,4.124,,
b3e5d91e-7aec-4bd0-b7a0-d59eb83606d3,botanical_garden,2026-01-29 09:00:00,386.2,155.0,10.5,4.124,,
bd0e1f68-c135-454f-83aa-6946bf2da13d,botanical_garden,2026-01-29 09:15:00,386.0,154.3,10.5,4.124,,
df533d18-1d56-4f3f-abdd-6819ba65e4e4,botanical_garden,2026-01-29 09:30:00,386.0,155.7,10.5,4.124,,
dff31633-46ee-43c2-86d8-9c23f6dde9e7,botanical_garden,2026-01-29 09:45:00,387.0,156.7,10.5,4.124,,
5ae3ed28-b82a-497c-aed3-4a97498d95d9,botanical_garden,2026-01-29 10:00:00,387.2,156.0,10.4,4.124,,
8016c4ad-e0e7-4ad0-bf32-620022847819,botanical_garden,2026-01-29 10:15:00,385.3,155.7,10.4,4.124,,
eeae6be5-8463-49d7-ba5f-22918d265ff8,botanical_garden,2026-01-29 10:30:00,384.5,156.0,10.4,4.124,,
6714e886-42d2-4d9f-bc23-1a10cefe3929,botanical_garden,2026-01-29 10:45:00,382.8,156.5,10.4,4.124,,
26c6e1d5-ae7c-43b3-a0f5-19aa96f7bdff,botanical_garden,2026-01-29 11:00:00,382.8,157.0,10.3,4.124,,
0c5db0d6-2248-4f43-bcf0-952e46bfed7e,botanical_garden,2026-01-29 11:15:00,381.0,156.5,10.3,4.124,,
e51decbe-00a0-4127-930b-11a2c903ccaa,botanical_garden,2026-01-29 11:30:00,379.3,155.3,10.3,4.124,,
41092768-6c67-43fa-9064-c29c3aff3e7f,botanical_garden,2026-01-29 11:45:00,378.2,156.5,10.2,4.109,,
feeab616-b9e7-4bf4-a610-5f541931333f,botanical_garden,2026-01-29 12:00:00,377.8,155.8,10.2,4.109,,
86c93e5d-7fd5-42c2-9849-951ba8161eee,botanical_garden,2026-01-29 12:15:00,376.7,156.2,10.2,4.109,,
e3f31f4a-93f7-4475-b1bc-be842546c82f,botanical_garden,2026-01-29 12:30:00,376.8,154.8,10.1,4.109,,
9a720329-47ff-4026-9496-1d339aaa8a22,botanical_garden,2026-01-29 12:45:00,377.5,155.3,10.1,4.124,,
83ce9af1-7491-44f5-8e77-102179f9e094,botanical_garden,2026-01-29 13:00:00,377.3,155.7,10.1,4.109,,
de3a8a23-df90-42a4-abf2-615aec0186cf,botanical_garden,2026-01-29 13:15:00,377.8,156.3,10.0,4.124,,
df011333-a527-4481-8773-65c32e53c0b3,botanical_garden,2026-01-29 13:30:00,377.8,156.3,10.0,4.109,,
45b2aadc-4247-4d9b-9147-281f0b1d30de,botanical_garden,2026-01-29 13:45:00,378.7,156.0,10.0,4.109,,
7322d6d3-a3ca-4173-94a6-cab94479287d,botanical_garden,2026-01-29 14:00:00,379.0,156.8,10.0,4.109,,
26f492dc-c92b-40e8-b586-6a7e7ac01278,botanical_garden,2026-01-29 14:15:00,379.7,156.7,10.0,4.109,,
cedfdebb-b45f-464c-b8d2-002aa65ca756,botanical_garden,2026-01-29 14:30:00,381.0,155.2,9.9,4.109,,
7891b03d-54fb-4d5b-99a0-c5e3dee6cddf,botanical_garden,2026-01-29 14:45:00,380.7,156.3,9.9,4.109,,
23a7b7e2-1433-496d-9374-76312789966a,botanical_garden,2026-01-29 15:15:00,381.5,155.3,9.9,4.109,,
f736d105-8f84-429e-9e2e-cf0de37bb6dc,botanical_garden,2026-01-29 15:30:00,381.8,155.7,9.8,4.109,,
357d3637-7755-4b2a-ad7f-74619029dc77,botanical_garden,2026-01-29 15:45:00,382.3,155.8,9.8,4.109,,
3ab82f1c-82af-471c-84af-a30fcc854eed,botanical_garden,2026-01-29 16:00:00,382.5,156.0,9.8,4.215,,
658f5be3-a27a-4b48-aff2-14c2238aaac1,botanical_garden,2026-01-29 16:15:00,382.5,156.3,9.8,4.2,,
32ab1c28-c0f3-4689-b062-96fa5968ad9d,botanical_garden,2026-01-29 16:30:00,382.7,156.5,9.8,4.215,,
ac224afb-29c2-4b0d-b90d-34c4bd09477b,botanical_garden,2026-01-29 16:45:00,383.0,155.3,9.8,4.23,,
51865aeb-cd12-4f16-aa3e-89f26db9e650,botanical_garden,2026-01-29 17:00:00,382.5,155.8,9.8,4.23,,
bfe4b780-91fc-4183-9da0-76d378398f7b,botanical_garden,2026-01-29 17:15:00,382.2,155.3,9.9,4.245,,
b35b5300-957e-4b66-bcaf-fcbb2f33ae84,botanical_garden,2026-01-29 17:30:00,382.5,154.8,9.9,4.23,,
bdcda348-17af-4112-be29-dc1326f4c13e,botanical_garden,2026-01-29 17:45:00,382.3,154.8,10.0,4.23,,
5188fd43-d48e-4d18-ac7e-8156c880bd69,botanical_garden,2026-01-29 18:15:00,382.5,154.8,10.1,4.23,,
0c142994-da2e-4775-b866-c6f0a92e3bb7,botanical_garden,2026-01-29 18:30:00,382.3,153.8,10.2,4.23,,
5db2c11d-53ae-4274-9e0a-f75b77c73796,botanical_garden,2026-01-29 18:45:00,382.3,154.0,10.3,4.23,,
9f96db86-9958-4d74-a97d-e764cb11f9ce,botanical_garden,2026-01-29 19:00:00,383.2,153.3,10.4,4.23,,
641bca8a-75e2-45b2-bb2d-cd6b58e5500b,botanical_garden,2026-01-29 19:15:00,382.0,153.7,10.5,4.336,,
476ca123-08a0-4773-940f-e768834b587c,botanical_garden,2026-01-29 19:30:00,381.8,154.2,10.7,4.336,,
4712a419-124b-4763-90f0-88b6db4bb408,botanical_garden,2026-01-29 19:45:00,382.3,154.3,10.8,4.336,,
273cca5f-5fba-432c-9ae2-67a7818a21a2,botanical_garden,2026-01-29 20:00:00,381.8,154.2,11.0,4.336,,
9799c04c-815b-430c-b15b-c4c3f8ba6b94,botanical_garden,2026-01-29 20:15:00,381.3,154.3,11.2,4.336,,
14b25736-d120-4d62-9e22-5e470ff016f2,botanical_garden,2026-01-29 20:30:00,381.5,155.7,11.4,4.336,,
a6140d0f-7a18-420f-a56e-813d2206fee3,botanical_garden,2026-01-29 20:45:00,381.8,154.0,11.6,4.336,,
bc5378c4-c2a8-4bd9-b32d-47b24e853c4e,botanical_garden,2026-01-29 21:15:00,382.5,153.7,12.0,4.321,,
bd342ee5-bc65-4d58-b913-59791c6f1208,botanical_garden,2026-01-29 21:30:00,382.0,154.0,12.3,4.336,,
9b1556db-0b69-4ab7-9abd-27ce12b69094,botanical_garden,2026-01-29 21:45:00,381.8,154.3,12.5,4.336,,
106c949a-6dfa-44d9-8e3b-7ba3d75557e8,botanical_garden,2026-01-29 22:00:00,381.7,156.8,12.6,4.351,,
3fa716a9-bf6f-4b1a-9103-c049c4241c1b,botanical_garden,2026-01-29 22:15:00,382.2,155.7,12.6,4.336,,
08d60a8e-4638-4779-a205-2ad1346a602a,botanical_garden,2026-01-29 22:30:00,382.0,156.5,12.7,4.336,,
ccf76452-e02c-447f-9919-83c982e3bbea,botanical_garden,2026-01-29 22:45:00,382.0,158.0,12.7,4.336,,
b7d5f0e0-ab6c-4faa-a6a2-1dfdf822c089,botanical_garden,2026-01-29 23:00:00,382.0,157.0,12.7,4.321,,
54c12683-6bc3-4a71-a3b7-24add6776c9e,botanical_garden,2026-01-29 23:15:00,382.3,157.5,12.7,4.321,,
691758b5-ecf9-4dc1-96fc-45275c21bd56,botanical_garden,2026-01-29 23:30:00,382.7,157.0,12.7,4.336,,
0b47f00e-8301-4658-b101-3e9a0495e1db,botanical_garden,2026-01-29 23:45:00,382.2,155.5,12.7,4.336,,
4d889b65-6283-4dff-9352-b4e37e44be44,botanical_garden,2026-01-30 00:00:00,382.3,156.2,12.6,4.336,,
d21742ba-8c7a-4a5d-b86c-478bd4694b1c,botanical_garden,2026-01-30 00:15:00,382.5,155.8,12.6,4.23,,
bc358821-bcc4-47a4-93fe-a4b663d08f20,botanical_garden,2026-01-30 00:30:00,382.8,155.7,12.5,4.23,,
ec11fcf7-d0e6-4363-b5f5-7fa2e3f875be,botanical_garden,2026-01-30 00:45:00,383.2,155.7,12.4,4.23,,
c6679c45-913a-44cc-bf58-57c58d3898ce,botanical_garden,2026-01-30 01:00:00,382.8,156.0,12.4,4.215,,
3585e9c8-200b-4d3c-9e14-32045b2f25a0,botanical_garden,2026-01-30 01:15:00,382.8,155.2,12.3,4.124,,
681b2fe7-6e0e-4260-b174-f198b0c2840f,botanical_garden,2026-01-30 01:30:00,382.7,155.2,12.2,4.124,,
4652604f-5824-4d44-95a3-52f4c19cd9ec,botanical_garden,2026-01-30 01:45:00,382.8,155.5,12.1,4.139,,
4a832b34-2899-4ee7-937b-d2f340e235c0,botanical_garden,2026-01-30 02:00:00,382.8,155.8,11.9,4.124,,
7d26ddc9-e29d-47f0-bd28-55343577d7fc,botanical_garden,2026-01-30 02:15:00,382.7,156.2,11.9,4.124,,
d0befb5a-dfda-4db5-92fe-07fcc1b5161b,botanical_garden,2026-01-30 02:30:00,382.5,155.0,11.73,4.124,,
abb4d184-2127-4132-91ef-160876b1b789,botanical_garden,2026-01-30 02:45:00,383.0,155.2,11.6,4.124,,
7d2046c3-2ccb-48ea-b3b0-f59e7007aba5,botanical_garden,2026-01-30 03:15:00,382.5,156.0,11.4,4.124,,
7ce39977-db1e-41df-a9f0-01d2ceadc227,botanical_garden,2026-01-30 03:30:00,382.0,156.0,11.3,4.124,,
810da0b9-8371-431a-a1bc-f68e93819061,botanical_garden,2026-01-30 03:45:00,381.7,156.2,11.2,4.109,,
b609ff77-2a5d-4d7d-a9e2-1f9c140b4cbf,botanical_garden,2026-01-30 04:00:00,381.7,154.8,11.1,4.124,,
f017bc22-010b-430b-905a-ea664033e5d4,botanical_garden,2026-01-30 04:15:00,381.5,155.0,11.03,4.124,,
ec9a7c38-e1df-4e42-9636-c264ac023b5f,botanical_garden,2026-01-30 04:30:00,381.0,154.2,11.0,4.124,,
9557d11c-dcdf-484d-a742-b45d8b5d22fb,botanical_garden,2026-01-30 04:45:00,381.2,155.2,10.9,4.124,,
8a337f0d-8715-4d7d-a899-fe200ed54599,botanical_garden,2026-01-30 05:00:00,381.7,154.2,10.9,4.124,,
b8e72817-b42e-4406-9ac6-0e37a7b5b8c4,botanical_garden,2026-01-30 05:15:00,381.7,153.5,10.8,4.124,,
f8626471-1cad-459d-b17e-6a5a96757568,botanical_garden,2026-01-30 05:30:00,382.5,155.0,10.8,4.124,,
d99e37d8-9fcd-4fb7-90b8-4a331050e0eb,botanical_garden,2026-01-30 05:45:00,381.5,153.3,10.7,4.124,,
d5e3b111-2eb8-44c6-9844-3c65cd6e065a,botanical_garden,2026-01-30 06:00:00,381.8,153.5,10.7,4.124,,
837e3ac7-0c4d-4447-abd0-c3c973c1a88c,botanical_garden,2026-01-30 06:15:00,381.5,153.0,10.6,4.124,,
fadd1089-ba6e-4997-a1e7-f63a0d70a378,botanical_garden,2026-01-30 06:30:00,381.5,154.0,10.6,4.124,,
23418a79-bde7-4175-ae82-7aa3119b8d0e,botanical_garden,2026-01-30 06:45:00,381.8,152.3,10.5,4.124,,
44a3c978-cfeb-4465-baa7-a1602b2ff236,botanical_garden,2026-01-30 07:00:00,381.8,153.0,10.5,4.124,,
456727da-1b4f-4d98-a064-05828b90c1dd,botanical_garden,2026-01-30 07:15:00,382.0,153.8,10.5,4.124,,
6446cabe-6f41-4d57-a40f-762c8e481491,botanical_garden,2026-01-30 07:30:00,381.7,154.3,10.5,4.124,,
32ac1313-50b3-42c7-bc29-61460a077013,botanical_garden,2026-01-30 08:00:00,382.8,153.5,10.4,4.109,,
cc80e20f-7e05-4843-b813-6168345333f0,botanical_garden,2026-01-30 08:15:00,382.2,152.7,10.4,4.124,,
f56a6905-e6b3-40e9-a43e-a263cea98e02,botanical_garden,2026-01-30 08:30:00,382.7,153.0,10.4,4.124,,
1e6c8937-92ce-4c35-b98e-bb93414e661c,botanical_garden,2026-01-30 08:45:00,382.8,152.8,10.4,4.124,,
4f0b06d0-fbd7-47e0-a6bf-d4e37e242df5,botanical_garden,2026-01-30 09:00:00,383.2,153.2,10.4,4.124,,
a846096f-239f-481c-97e0-4f4c1aff1957,botanical_garden,2026-01-30 09:15:00,382.7,152.5,10.3,4.124,,
727349d3-086d-4a4b-9ed8-f8819a295b8e,botanical_garden,2026-01-30 09:30:00,382.5,154.7,10.3,4.124,,
45b45317-17d0-4e1d-b1e4-a10148344537,botanical_garden,2026-01-30 09:45:00,382.3,154.3,10.3,4.109,,
612efaf7-cdc6-4e41-8120-9dfe4f5af5a0,botanical_garden,2026-01-30 10:00:00,382.3,152.8,10.2,4.124,,
2c0a9257-5ab4-463d-9a88-7fe94028e073,botanical_garden,2026-01-30 10:15:00,380.8,153.8,10.2,4.124,,
f586046c-fb03-45a6-a873-4a15f34486fe,botanical_garden,2026-01-30 10:30:00,380.0,153.3,10.2,4.124,,
bd55d8d8-5756-43fa-98e5-b8f8778e59aa,botanical_garden,2026-01-30 10:45:00,379.3,153.2,10.1,4.124,,
88083534-2cf6-4499-81f7-2dc0b117eb28,botanical_garden,2026-01-30 11:00:00,379.7,152.7,10.1,4.124,,
e489bc3e-c24e-4166-8719-91029c2000a3,botanical_garden,2026-01-30 11:15:00,379.3,154.2,10.0,4.124,,
7cdff879-3939-46c6-8597-5d6af4279c2f,botanical_garden,2026-01-30 11:30:00,378.7,153.7,10.0,4.124,,
50474c5a-c986-4468-ac15-4c304c3f28fd,botanical_garden,2026-01-30 11:45:00,377.8,155.0,10.0,4.124,,
66b7b936-1653-4ef4-a4eb-d36206c182df,botanical_garden,2026-01-30 12:00:00,378.7,154.2,9.9,4.124,,
44a50401-840b-4569-94f4-f0c6843cdd16,botanical_garden,2026-01-30 12:15:00,379.2,154.0,9.9,4.124,,
1db1bdae-b9a8-465c-9c9f-7b2046830ef5,botanical_garden,2026-01-30 12:30:00,378.5,153.7,9.9,4.124,,
e539e6c1-8bc5-4163-97e8-fdb7e4e016ba,botanical_garden,2026-01-30 12:45:00,377.7,152.7,9.9,4.109,,
0719c355-10ad-45de-88b0-b8fb5d759cd5,botanical_garden,2026-01-30 13:00:00,378.2,152.3,9.9,4.109,,
f2b58911-0c09-4a17-9b6f-6e504098f2b4,botanical_garden,2026-01-30 13:15:00,378.8,153.0,9.9,4.109,,
c7c17cfd-925b-4a64-a287-f9c0efb3b679,botanical_garden,2026-01-30 13:30:00,379.5,153.8,9.9,4.109,,
135b255c-d2f8-4f26-a98e-a3678900e4db,botanical_garden,2026-01-30 13:45:00,380.7,153.5,9.83,4.109,,
8265efdc-c43c-4d1e-bae7-1e6f05ca2515,botanical_garden,2026-01-30 14:15:00,381.3,153.0,9.8,4.109,,
8097615e-9ee1-4f2a-8587-26864b46556f,botanical_garden,2026-01-30 14:30:00,381.3,153.7,9.8,4.109,,
0594d73e-ad80-4ec5-bab4-ff2422041a5e,botanical_garden,2026-01-30 14:45:00,381.5,152.7,9.8,4.109,,
60fb5582-d20d-4735-bdbe-558387c02915,botanical_garden,2026-01-30 15:00:00,382.0,152.2,9.8,4.109,,
d7967f08-6c4a-474b-9853-03f69bc3e50e,botanical_garden,2026-01-30 15:15:00,382.3,152.2,9.8,4.109,,
582c387b-8630-4198-8780-bed435db88af,botanical_garden,2026-01-30 15:30:00,382.2,152.7,9.8,4.109,,
55ef0b40-6d6d-4684-b2d2-68d6bff42b2c,botanical_garden,2026-01-30 15:45:00,383.0,154.2,9.77,4.124,,
05b55df4-8a64-426c-a6d9-49eee7a9deef,botanical_garden,2026-01-30 16:00:00,383.5,152.8,9.7,4.215,,
e0207fe0-4082-4897-ac7f-f16ab942791c,botanical_garden,2026-01-30 16:15:00,383.5,153.5,9.72,4.23,,
082f5197-e918-487c-a096-92e46c56185c,botanical_garden,2026-01-30 16:30:00,383.3,152.7,9.8,4.23,,
64a0cea4-b224-4937-ac60-9415757b14fb,botanical_garden,2026-01-30 16:45:00,383.3,152.0,9.8,4.23,,
6eba6d66-e67c-47f8-bce9-e9a4bf003fd1,botanical_garden,2026-01-30 17:15:00,383.2,152.7,10.0,4.23,,
721c241c-56bd-4281-84e0-128a3fbd2a04,botanical_garden,2026-01-30 17:30:00,383.3,153.0,10.1,4.23,,
8ac8ab31-ce53-4f5e-91d0-b8eb82606277,botanical_garden,2026-01-30 17:45:00,382.8,152.7,10.2,4.23,,
c3b1a9f7-5e51-4619-92ad-f50554c545d4,botanical_garden,2026-01-30 18:15:00,382.8,152.5,10.4,4.23,,
3c17dc85-6544-46ce-ae09-63d024f2240b,botanical_garden,2026-01-30 18:30:00,382.7,153.0,10.5,4.336,,
3e1611eb-f1bd-4653-a2e8-75b040ff045d,botanical_garden,2026-01-30 18:45:00,383.0,153.3,10.6,4.336,,
383bff70-6d4e-47e5-8f4b-3c3414e369b5,botanical_garden,2026-01-30 19:00:00,382.5,152.8,10.7,4.336,,
658366eb-9c58-46b1-b7fb-7322c5c15f01,botanical_garden,2026-01-30 19:15:00,382.8,152.3,10.9,4.336,,
ab670e9c-7c50-41d3-9a92-c0af7f43cdf8,botanical_garden,2026-01-30 19:30:00,382.5,152.3,11.0,4.336,,
f0cd82a5-aeee-4f88-8f11-64cf8e779b90,botanical_garden,2026-01-30 19:45:00,382.7,153.5,11.2,4.336,,
d86f20c2-6f6b-46ba-9248-21b4626d09be,botanical_garden,2026-01-30 20:00:00,382.3,152.3,11.4,4.336,,
0ad9d8e2-fc64-43f3-9259-4d95f9dd7f53,botanical_garden,2026-01-30 20:15:00,382.7,152.3,11.6,4.336,,
7cceea08-0969-41cf-93a2-285bc6364c5e,botanical_garden,2026-01-30 20:30:00,382.2,153.2,11.7,4.336,,
2fc2016a-3bfd-4bb8-a67e-63bb72a496f5,botanical_garden,2026-01-30 20:45:00,382.3,153.3,11.9,4.336,,
15c60860-1642-4358-a419-6048792c7d21,botanical_garden,2026-01-30 21:00:00,382.5,154.2,12.1,4.336,,
b23210af-cdb7-49db-be39-b5b3c0c8d893,botanical_garden,2026-01-30 21:15:00,382.3,153.5,12.3,4.336,,
1b1f2cd0-6470-4aa6-ba3e-fbbfdcf40c21,botanical_garden,2026-01-30 21:30:00,382.0,155.2,12.5,4.336,,
e9eb60f9-8a3d-4042-8002-be740823196a,botanical_garden,2026-01-30 21:45:00,381.5,154.7,12.7,4.336,,
f918564f-a673-4bac-ae2d-a362b37f3a0f,botanical_garden,2026-01-30 22:00:00,382.0,153.8,12.8,4.336,,
8230ac0f-d820-44c1-a6a7-3c85159bcaa7,botanical_garden,2026-01-30 22:15:00,381.2,154.0,12.9,4.336,,
2b7fb8e6-8411-4d93-b010-7506e952411e,botanical_garden,2026-01-30 22:30:00,381.7,155.2,12.9,4.336,,
dae6b369-d880-4368-9698-b96bdcda0b37,botanical_garden,2026-01-30 22:45:00,381.5,156.0,12.9,4.336,,
0f4d3a67-70bd-4929-aa69-69bd7c48f52a,botanical_garden,2026-01-30 23:00:00,382.0,155.0,12.9,4.336,,
c845eaba-b007-48d3-8d17-8c4d9f76028d,botanical_garden,2026-01-30 23:15:00,381.5,155.0,12.9,4.336,,
18f34851-9e09-4b29-9acc-e81d3b43cb55,botanical_garden,2026-01-30 23:30:00,381.8,154.3,12.9,4.321,,
8c4c0158-999c-4ca7-ac51-0915aa37fc36,botanical_garden,2026-01-30 23:45:00,382.3,155.3,12.9,4.321,,
100e1c75-5ea2-424a-a7c0-f0ec56cdce1a,botanical_garden,2026-01-31 00:00:00,383.0,155.3,12.9,4.336,,
99b161cc-cb3b-4485-b61a-af0924429ddb,botanical_garden,2026-01-31 00:15:00,383.2,154.2,12.8,4.336,,
5e006d7e-72b1-44d3-9ac2-328461f3d814,botanical_garden,2026-01-31 00:30:00,383.8,154.0,12.8,4.336,,
34829354-62a8-4f82-aaa5-1dc8fecf8c7d,botanical_garden,2026-01-31 00:45:00,383.7,153.0,12.7,4.23,,
d754bdbd-4948-40d6-8b13-a13452d017d9,botanical_garden,2026-01-31 01:00:00,385.3,154.3,12.7,4.215,,
5cd2a2ed-711f-41b0-bbd3-c07933662ac3,botanical_garden,2026-01-31 01:15:00,387.0,154.2,12.6,4.139,,
b3c9f91f-56b8-4188-9785-31a4b3ecf308,botanical_garden,2026-01-31 01:30:00,388.5,153.2,12.5,4.124,,
a4ffbdad-9aba-4b56-8c47-f9682a730746,botanical_garden,2026-01-31 01:45:00,388.8,154.8,12.4,4.124,,
c0e0e269-6d32-444f-8b87-edcde90f48f9,botanical_garden,2026-01-31 02:15:00,388.0,155.2,12.2,4.124,,
63d9ad1c-c14c-4375-af16-7a173f1ca04c,botanical_garden,2026-01-31 02:30:00,387.5,154.8,12.1,4.124,,
b5a2fd0f-8a50-4053-8c7b-12b161359cb3,botanical_garden,2026-01-31 02:45:00,386.3,155.0,12.0,4.124,,
7653a528-85df-4d94-a8a9-5713d2636ae5,botanical_garden,2026-01-31 03:00:00,382.7,154.3,11.9,4.124,,
a582b5dd-0cbd-4d87-b971-a19078f36b9e,botanical_garden,2026-01-31 03:15:00,380.8,156.0,11.8,4.109,,
a68db2eb-3cda-4261-9e1c-389f0bf83057,botanical_garden,2026-01-31 03:30:00,378.8,153.8,11.8,4.124,,
700f77e4-7617-464a-acdd-e831cfe3108e,botanical_garden,2026-01-31 03:45:00,377.8,153.7,11.7,4.124,,
cb6d9cdc-f73e-4bf0-9361-fd1ced579583,botanical_garden,2026-01-31 04:00:00,377.5,153.8,11.7,4.124,,
b0677db8-3a48-4202-be8c-26aab8bdb4cf,botanical_garden,2026-01-31 04:15:00,377.3,153.3,11.6,4.124,,
6eedf549-6607-4871-9559-8aded09b2293,botanical_garden,2026-01-31 04:30:00,378.3,153.5,11.6,4.124,,
8da3d1c1-c344-4d43-a934-5014fbf49fe6,botanical_garden,2026-01-31 04:45:00,378.5,154.0,11.6,4.124,,
e22b3476-867a-4863-86a8-e2614fdfa55b,botanical_garden,2026-01-31 05:00:00,379.2,154.3,11.5,4.124,,
f78bebbe-5f00-4e51-be9e-bdfaa5efd6cd,botanical_garden,2026-01-31 05:15:00,379.5,153.8,11.5,4.124,,
219b33a6-262d-437a-82e1-d2a5e5c65b46,botanical_garden,2026-01-31 05:30:00,380.0,152.8,11.42,4.124,,
fc0a3c55-db3d-459c-8612-52fa81031fa0,botanical_garden,2026-01-31 05:45:00,380.7,152.8,11.4,4.124,,
77e509b9-8807-42ed-a12b-b9b60d46e1cd,botanical_garden,2026-01-31 06:00:00,381.2,153.3,11.4,4.124,,
3888e444-17ba-42f4-8bdf-16fddb42a1a3,botanical_garden,2026-01-31 06:15:00,381.7,150.8,11.3,4.124,,
e83c62c5-edac-4324-856e-8a185e5efd54,botanical_garden,2026-01-31 06:30:00,381.3,153.7,11.3,4.124,,
4393fa14-7051-4c7b-8d47-f7785c191f42,botanical_garden,2026-01-31 06:45:00,381.3,152.8,11.2,4.124,,
1f016175-c5db-4741-8d78-1bc8b45fe3a0,botanical_garden,2026-01-31 07:00:00,381.3,154.0,11.2,4.124,,
e85176f8-3649-4a47-9699-df05ebb51d19,botanical_garden,2026-01-31 07:15:00,382.0,154.2,11.1,4.124,,
f2aff664-f832-4f42-99ab-385f58f3cf0b,botanical_garden,2026-01-31 07:30:00,382.5,153.8,11.1,4.124,,
5f4608bd-8e30-4d3c-84ef-6a601d743ebc,botanical_garden,2026-01-31 07:45:00,382.8,153.8,11.0,4.124,,
4196782c-3b3f-47e7-b270-5e17f34d22df,botanical_garden,2026-01-31 08:00:00,383.0,153.3,11.0,4.124,,
9d013e43-7269-4619-8459-d032dc66be7e,botanical_garden,2026-01-31 08:15:00,383.0,155.0,10.97,4.109,,
d5831bb3-0354-4861-b7d6-21e8c807476d,botanical_garden,2026-01-31 08:30:00,382.8,155.0,10.9,4.124,,
eb183d1f-efbd-4564-be2c-0227f4f7f0c1,botanical_garden,2026-01-31 08:45:00,382.5,153.8,10.9,4.124,,
42b47f75-3d74-4fb2-956f-724972238002,botanical_garden,2026-01-31 09:00:00,381.8,152.8,10.82,4.109,,
f9822b9e-c2dc-4aea-9ecf-a0b13461b669,botanical_garden,2026-01-31 09:15:00,380.7,154.5,10.8,4.124,,
a036cb47-f56e-410f-a931-c7fbe4a95a9c,botanical_garden,2026-01-31 09:30:00,379.7,153.2,10.8,4.109,,
ab6cc28b-72fc-47ae-bdf7-478a50e1acca,botanical_garden,2026-01-31 09:45:00,379.7,154.3,10.7,4.124,,
54669811-110d-445d-98d1-2e515eefb984,botanical_garden,2026-01-31 10:00:00,379.5,153.5,10.7,4.124,,
a4f93396-2c21-4798-aaf7-7efbc88f5ea1,botanical_garden,2026-01-31 10:15:00,379.0,153.8,10.7,4.124,,
fa1d4dab-f117-4d6e-a989-a239226363cc,botanical_garden,2026-01-31 10:30:00,377.5,154.2,10.6,4.109,,
89d70d7a-51b5-4ece-83b0-2d21d7313718,botanical_garden,2026-01-31 10:45:00,377.5,154.8,10.6,4.124,,
64e3ab2a-e811-4477-95ae-d7900f19936b,botanical_garden,2026-01-31 11:00:00,377.7,153.5,10.6,4.109,,
fcb2cf18-d068-4d06-b6bc-0f294cf2a881,botanical_garden,2026-01-31 11:15:00,377.0,154.2,10.5,4.109,,
e8988711-99c4-49d5-90f0-98dbcb05aeb1,botanical_garden,2026-01-31 11:30:00,375.8,154.3,10.5,4.109,,
66fbd486-2370-4525-a719-613248a36775,botanical_garden,2026-01-31 11:45:00,375.2,153.2,10.5,4.124,,
1421187f-199e-4356-ac0d-03dab15adc5e,botanical_garden,2026-01-31 12:00:00,374.8,153.7,10.4,4.109,,
11973f8c-0b9e-4174-a7de-8d166252aec4,botanical_garden,2026-01-31 12:15:00,375.3,153.2,10.4,4.109,,
aba80e46-ebf5-4ce8-9f60-67968d32f0b9,botanical_garden,2026-01-31 12:30:00,375.2,153.8,10.4,4.109,,
6de7044d-f711-479a-aa55-d650e761addc,botanical_garden,2026-01-31 12:45:00,376.2,152.8,10.4,4.124,,
c60d7808-3e46-451f-8c79-13eaf950aab9,botanical_garden,2026-01-31 13:00:00,377.2,153.2,10.3,4.109,,
99f59272-2683-4dc5-bb22-7ff39853449e,botanical_garden,2026-01-31 13:15:00,377.0,153.0,10.3,4.109,,
3aa17116-b921-43a0-a4fa-7995428ccf6a,botanical_garden,2026-01-31 13:30:00,377.8,153.2,10.3,4.109,,
8ed5e95c-05ca-4479-973c-b4ff9c58cbf3,botanical_garden,2026-01-31 13:45:00,379.5,152.8,10.25,4.109,,
5e4afebd-afd9-434f-8c92-54fa0358c044,botanical_garden,2026-01-31 14:00:00,379.8,152.7,10.2,4.109,,
02490485-9673-4d93-932d-e0f18211b964,botanical_garden,2026-01-31 14:15:00,379.2,152.5,10.2,4.109,,
819ead68-5034-4910-aea3-2df59b896497,botanical_garden,2026-01-31 14:30:00,379.7,153.3,10.2,4.109,,
b603d831-1dd2-4619-8f5c-1fcc7d373d08,botanical_garden,2026-01-31 14:45:00,380.3,153.2,10.2,4.109,,
cc5d2a79-9ccd-4688-b491-7211373f401b,botanical_garden,2026-01-31 15:00:00,380.7,153.3,10.1,4.109,,
0650603b-11d1-4e04-b2d4-2e5af1bd0a7a,botanical_garden,2026-01-31 15:15:00,380.8,152.7,10.1,4.124,,
1a4c3804-732e-4147-9eb8-52bb6583ab79,botanical_garden,2026-01-31 15:30:00,381.3,153.3,10.1,4.109,,
3c90bbed-aac7-4c5a-abda-962e363c74c4,botanical_garden,2026-01-31 15:45:00,381.2,152.8,10.1,4.215,,
cd5648d1-d930-45ab-a1aa-aee4b15d5b9c,botanical_garden,2026-01-31 16:00:00,381.7,152.5,10.1,4.215,,
35c20e55-978b-4058-8425-e75297ec1378,botanical_garden,2026-01-31 16:15:00,380.8,152.7,10.1,4.23,,
716604c0-48ae-4b7b-a968-bebac8157271,botanical_garden,2026-01-31 16:30:00,380.5,153.0,10.2,4.245,,
a0ce7e24-4af9-48f9-8c0a-6f08110323cb,botanical_garden,2026-01-31 16:45:00,380.0,152.7,10.2,4.245,,
2675edc2-9557-4b6d-96c8-89f9abbcb769,botanical_garden,2026-01-31 17:15:00,379.5,152.2,10.4,4.23,,
42bd4d95-beeb-4d2c-b3e5-1d50b48c2166,botanical_garden,2026-01-31 17:30:00,380.0,153.3,10.5,4.23,,
d7f28fb5-7ef4-473f-85db-adf29a0f8296,botanical_garden,2026-01-31 17:45:00,380.2,153.0,10.6,4.245,,
da6e17f1-6a98-497a-a977-5d5d476674e7,botanical_garden,2026-01-31 18:00:00,380.0,152.8,10.7,4.23,,
ef3df070-df49-4ad3-917f-d17301bd6322,botanical_garden,2026-01-31 18:15:00,381.3,153.0,10.8,4.336,,
367c561a-3a30-440a-ba0b-dfff85793f7a,botanical_garden,2026-01-31 18:30:00,381.2,152.3,10.9,4.336,,
60e12c13-ae47-4e16-8868-2cfd8a7db1fd,botanical_garden,2026-01-31 18:45:00,380.8,152.5,11.0,4.336,,
ddb653f7-5124-4ef9-9093-9cc9af750829,botanical_garden,2026-01-31 19:00:00,380.7,153.8,11.1,4.336,,
b4e42e10-2e2b-4041-8461-98d1a62953c1,botanical_garden,2026-01-31 19:15:00,381.0,153.3,11.3,4.336,,
b605d72b-2931-455c-acd1-a151a611e82a,botanical_garden,2026-01-31 19:30:00,380.7,153.5,11.4,4.336,,
f33e8c3e-0ada-4848-9a9c-e84944193872,botanical_garden,2026-01-31 19:45:00,380.5,153.3,11.5,4.336,,
8163310b-5433-4a09-bb78-90be2d7ecbdc,botanical_garden,2026-01-31 20:00:00,380.3,152.7,11.7,4.336,,
103fe030-165b-49f6-bfb0-f981ecceff13,botanical_garden,2026-01-31 20:15:00,379.8,153.0,11.9,4.336,,
74b7a442-9c24-466b-8393-9005cf7b3766,botanical_garden,2026-01-31 20:30:00,380.3,153.7,12.0,4.336,,
90e0aad5-faed-44ef-960a-dd89eea32c79,botanical_garden,2026-01-31 20:45:00,380.7,154.0,12.2,4.336,,
ebbfc8f8-9ea6-4e81-bf11-21b976612348,botanical_garden,2026-01-31 21:00:00,380.7,155.2,12.4,4.336,,
f4f64475-67e5-4ed4-b8b1-89a3a15ef9de,botanical_garden,2026-01-31 21:15:00,380.7,154.8,12.6,4.336,,
251a1a79-bd09-44ce-88c3-b8b4968d63c2,botanical_garden,2026-01-31 21:30:00,380.5,154.7,12.8,4.336,,
c0292074-5485-431f-a9ca-566db17ed15d,botanical_garden,2026-01-31 21:45:00,380.7,155.0,13.0,4.336,,
60a3f82f-0dbb-4378-bc9d-53c0bc71bcb3,botanical_garden,2026-01-31 22:00:00,380.8,154.8,13.1,4.336,,
94760bae-627c-464a-9e84-96259fb1e363,botanical_garden,2026-01-31 22:15:00,380.8,155.8,13.1,4.336,,
6aca692d-01a4-459d-b291-423bbe6e285e,botanical_garden,2026-01-31 22:30:00,381.2,156.2,13.2,4.336,,
2f216f70-3af1-4999-b2c3-d08cc628fd67,botanical_garden,2026-01-31 22:45:00,380.5,155.2,13.2,4.336,,
8bb9371f-10f7-4d7a-83a1-03b76a599ba7,botanical_garden,2026-01-31 23:00:00,380.7,155.7,13.2,4.336,,
a4914c05-53cf-46b0-9606-07a7c0885ae9,botanical_garden,2026-01-31 23:15:00,381.0,155.2,13.2,4.336,,
193e538d-5ef7-4081-aba5-147039c0ed29,botanical_garden,2026-01-31 23:30:00,381.2,154.5,13.2,4.321,,
5de1e5fd-ad9e-46ac-9ed4-32bb84d5efc2,botanical_garden,2026-01-31 23:45:00,381.0,155.0,13.2,4.336,,
859d6e5c-049e-4fa8-96d4-f50523acb59a,botanical_garden,2026-02-01 00:00:00,381.3,154.3,13.2,4.336,,
3528c89f-0c02-4fca-ad9d-10f1f8461661,botanical_garden,2026-02-01 00:15:00,382.0,154.5,13.2,4.336,,
e1ed3f5a-ed96-425d-8076-724c8d383be1,botanical_garden,2026-02-01 00:30:00,382.2,154.2,13.2,4.23,,
9d07a953-471d-4665-9a6b-63076d78841c,botanical_garden,2026-02-01 00:45:00,382.0,154.3,13.1,4.23,,
939120c3-a0bc-4e43-9462-f91876f4261f,botanical_garden,2026-02-01 01:00:00,382.2,153.7,13.1,4.139,,
e9edd670-b177-42d9-9f87-85168c9955bd,botanical_garden,2026-02-01 01:15:00,382.2,155.0,13.0,4.124,,
bc16ceb8-0094-4cfd-b98e-a11d41659a02,botanical_garden,2026-02-01 01:30:00,382.2,155.2,12.9,4.139,,
66588241-f103-4cbf-8971-cf00d5d57225,botanical_garden,2026-02-01 01:45:00,382.0,153.8,12.8,4.124,,
5b06e0c4-f4fa-437c-b4b8-86b274f24f7a,botanical_garden,2026-02-01 02:15:00,382.5,154.8,12.5,4.124,,
0ef3496a-74d2-4dcd-baf9-5eeb827684b2,botanical_garden,2026-02-01 02:30:00,381.5,153.3,12.4,4.124,,
bcd11413-519f-4d66-81b8-7a10aad7d8c0,botanical_garden,2026-02-01 02:45:00,381.7,153.3,12.3,4.124,,
87c0352a-8d32-4e64-b8d7-7c55aef41afb,botanical_garden,2026-02-01 03:00:00,381.5,154.2,12.1,4.124,,
4616d2f1-936f-4a33-b890-d53669d538ca,botanical_garden,2026-02-01 03:15:00,381.2,154.5,12.0,4.124,,
61f0f518-a91f-4fdc-a985-68869346c853,botanical_garden,2026-02-01 03:30:00,381.7,154.8,12.0,4.124,,
6d6e41dc-d043-4936-ac57-e040610afb28,botanical_garden,2026-02-01 03:45:00,381.0,153.3,11.9,4.124,,
427b43ef-85d4-44f2-8b95-8aa735e40982,botanical_garden,2026-02-01 04:15:00,380.8,155.2,11.7,4.124,,
761a9854-b37d-4e68-b0ac-4131ba360dfb,botanical_garden,2026-02-01 04:30:00,380.8,156.0,11.7,4.124,,
70063471-2047-4b81-8a60-227bed57b3ca,botanical_garden,2026-02-01 04:45:00,380.8,153.7,11.6,4.124,,
f3b26f41-6714-4e8f-95c1-e3358247ead2,botanical_garden,2026-02-01 05:00:00,380.8,155.0,11.5,4.124,,
a1ac44dd-3feb-4665-8567-b30a9bd47f07,botanical_garden,2026-02-01 05:15:00,380.7,153.3,11.5,4.124,,
7cf117f8-85b7-4f6d-9ae4-1057476c0075,botanical_garden,2026-02-01 05:30:00,380.5,154.3,11.4,4.124,,
79be7eaa-6b4f-449b-81b0-02774f517f10,botanical_garden,2026-02-01 05:45:00,380.5,154.2,11.38,4.109,,
4ba39bc1-03ec-4863-9e11-9b328001261c,botanical_garden,2026-02-01 06:00:00,380.7,153.8,11.3,4.124,,
bbaeb601-8847-47e9-a278-b1ce74932664,botanical_garden,2026-02-01 06:15:00,380.3,154.5,11.3,4.124,,
c80a77a0-9e4a-4288-b908-4df7152e385b,botanical_garden,2026-02-01 06:30:00,380.3,154.2,11.2,4.124,,
929791d0-dab9-4152-a553-46a6f50f89b4,botanical_garden,2026-02-01 06:45:00,380.3,154.0,11.2,4.124,,
31c5e2f5-ed9f-4603-852b-1c96096d915b,botanical_garden,2026-02-01 07:15:00,380.0,154.3,11.1,4.124,,
4f37365c-b713-4245-9903-a26ace5cee0a,botanical_garden,2026-02-01 07:30:00,380.0,154.3,11.1,4.124,,
3753c75f-eaca-424a-96b8-164ca86e22b1,botanical_garden,2026-02-01 07:45:00,379.2,153.8,11.0,4.124,,
8f787580-62a6-43df-bcdb-f27ab9b7f42a,botanical_garden,2026-02-01 08:00:00,380.0,153.5,11.0,4.124,,
15135f08-6394-484f-a29c-336793715146,botanical_garden,2026-02-01 08:15:00,380.2,153.5,11.0,4.124,,
19fec23f-8ea5-47f5-88ac-627bea891c6e,botanical_garden,2026-02-01 08:30:00,380.0,153.2,10.9,4.109,,
50db971e-1e81-44bb-88f5-92fe7df4157f,botanical_garden,2026-02-01 08:45:00,380.2,154.8,10.9,4.109,,
eac3cb74-799b-44a3-81e8-72ba1644aa02,botanical_garden,2026-02-01 09:00:00,380.0,154.5,10.9,4.124,,
98ce8643-f3ec-4253-b74f-e48e003097c4,botanical_garden,2026-02-01 09:15:00,380.0,155.0,10.8,4.124,,
257bf370-4003-4a17-8f8d-b114b6468546,botanical_garden,2026-02-01 09:30:00,380.3,154.2,10.8,4.124,,
d173ce26-b5a0-40b3-a6fa-44272fb28c33,botanical_garden,2026-02-01 09:45:00,379.7,153.5,10.8,4.124,,
d3cfa5cb-31c9-4455-86d9-d23a42f4806d,botanical_garden,2026-02-01 10:00:00,379.8,153.5,10.8,4.124,,
ecc6d880-5e44-4b75-8505-fad60a5f4748,botanical_garden,2026-02-01 10:15:00,380.3,154.3,10.7,4.124,,
95e88ae9-74de-4721-8b8f-0bf09c0ba129,botanical_garden,2026-02-01 10:30:00,380.5,154.5,10.7,4.109,,
ff47b56c-37a3-49d3-b2fd-a78184fdfe20,botanical_garden,2026-02-01 10:45:00,380.2,154.8,10.7,4.124,,
1b1276ae-bcfb-441e-95d8-c6ebf064f361,botanical_garden,2026-02-01 11:00:00,379.8,153.3,10.6,4.109,,
ed516e07-46bb-4829-8ba3-862f5391b467,botanical_garden,2026-02-01 11:15:00,380.2,154.0,10.6,4.124,,
7a310b88-b898-4afb-9377-69cbf335ac5c,botanical_garden,2026-02-01 11:30:00,380.0,154.3,10.6,4.109,,
31a3fdd0-08ce-4a7a-ac81-dbf96f9fb336,botanical_garden,2026-02-01 11:45:00,380.0,154.8,10.5,4.109,,
7d814763-e5fe-4d71-b986-955dc3ba4118,botanical_garden,2026-02-01 12:00:00,379.8,155.7,10.5,4.109,,
d1616200-401e-499c-8e77-2b1b87fb0e69,botanical_garden,2026-02-01 12:15:00,380.2,155.3,10.5,4.109,,
aad04c48-6647-4e65-a677-aa8f571ed80f,botanical_garden,2026-02-01 12:30:00,381.0,154.5,10.4,4.109,,
d25473f9-2d7e-433c-a20a-928138543812,botanical_garden,2026-02-01 12:45:00,380.8,153.8,10.4,4.109,,
ac406a82-512d-4e73-8707-b79838daeb2a,botanical_garden,2026-02-01 13:00:00,380.8,153.2,10.4,4.109,,
74908768-af81-4884-b255-6dc3d11475a0,botanical_garden,2026-02-01 13:15:00,380.7,153.2,10.4,4.124,,
da84f952-2dc9-400f-bf1b-4251a212e60e,botanical_garden,2026-02-01 13:30:00,380.5,153.2,10.3,4.109,,
baee3ee2-f9ea-4226-a009-fae8f75959b9,botanical_garden,2026-02-01 13:45:00,381.2,154.0,10.3,4.109,,
ab8dbeae-ae80-48db-83ee-c186dedf50bf,botanical_garden,2026-02-01 14:00:00,381.8,153.5,10.3,4.109,,
712bb4b2-43c2-4ad8-9587-b273e6dafc49,botanical_garden,2026-02-01 14:15:00,382.0,152.8,10.3,4.109,,
8627ee26-5536-4ac5-b217-0e8cb5964004,botanical_garden,2026-02-01 14:30:00,382.0,152.0,10.2,4.109,,
96bf3020-3359-453e-af55-a645ad879a08,botanical_garden,2026-02-01 14:45:00,381.8,153.0,10.2,4.109,,
543c3391-1236-4e92-bb81-1304e85c3ba8,botanical_garden,2026-02-01 15:00:00,381.7,153.3,10.2,4.109,,
7da2e488-6f13-43d4-9088-764da0a31645,botanical_garden,2026-02-01 15:15:00,381.7,154.3,10.2,4.109,,
e34cb31b-5bd2-4fa5-8aeb-df2fa67850f5,botanical_garden,2026-02-01 15:30:00,381.7,152.7,10.1,4.109,,
6551ab22-05ed-45d4-9646-342d228a0bb6,botanical_garden,2026-02-01 15:45:00,381.3,154.8,10.1,4.215,,
268d24c9-d357-4851-b52d-dad5810d2728,botanical_garden,2026-02-01 16:00:00,381.2,154.3,10.1,4.215,,
f14813c5-ebe9-4708-8091-9cb338303bd6,botanical_garden,2026-02-01 16:15:00,381.2,153.5,10.1,4.23,,
e74ac065-bf50-4037-a8f7-5b263b0bd0ce,botanical_garden,2026-02-01 16:30:00,380.3,152.5,10.1,4.245,,
72db8401-bcbd-4b80-be8c-0602f1237eab,botanical_garden,2026-02-01 16:45:00,380.2,152.2,10.2,4.23,,
dc209641-06f5-47f9-93d1-18a5b7dadc55,botanical_garden,2026-02-01 17:00:00,380.5,152.7,10.2,4.245,,
6f239806-0062-4df2-8564-47eeb42db14e,botanical_garden,2026-02-01 17:15:00,380.5,153.7,10.3,4.245,,
b2dffe62-617f-44b4-b4cf-6f91f1382009,botanical_garden,2026-02-01 17:30:00,380.0,152.8,10.4,4.23,,
5eeec938-54ea-40bf-a8e5-81891e5e46dd,botanical_garden,2026-02-01 17:45:00,380.0,152.3,10.5,4.245,,
7a47b700-46c5-4e7a-9598-73b2f8008bc3,botanical_garden,2026-02-01 18:00:00,379.5,152.0,10.5,4.23,,
b1c5f5a8-53c9-4c91-953d-99e1948b5cea,botanical_garden,2026-02-01 18:15:00,380.0,151.8,10.6,4.23,,
b446baa8-4f0c-4fe0-9845-758f81a2475b,botanical_garden,2026-02-01 18:30:00,380.0,152.8,10.7,4.23,,
1f749dd2-cff6-4fcb-be10-02b63d62206c,botanical_garden,2026-02-01 18:45:00,379.2,152.7,10.8,4.245,,
a8a3e329-ca6b-4c95-8d5e-3cfd98dcffae,botanical_garden,2026-02-01 19:00:00,379.0,152.7,10.9,4.336,,
1cfeca4a-249d-4d54-b793-cdecef41d642,botanical_garden,2026-02-01 19:15:00,378.3,152.3,11.1,4.336,,
e136e7a8-5160-455b-926e-c1a1354470ba,botanical_garden,2026-02-01 19:30:00,379.2,150.5,11.2,4.336,,
67499a3a-3d01-4aad-866c-c2d547dc9749,botanical_garden,2026-02-01 19:45:00,379.3,151.2,11.3,4.321,,
4e4c5e7a-6c88-4b65-aab8-47be4af9803c,botanical_garden,2026-02-01 20:00:00,379.2,151.2,11.5,4.336,,
6c49b1fb-b803-4de4-9b9b-3585860e40ea,botanical_garden,2026-02-01 20:15:00,380.0,152.2,11.7,4.336,,
b006442a-6b54-460d-9945-079e587af9ef,botanical_garden,2026-02-01 20:30:00,381.8,152.2,11.9,4.336,,
d8bab3e6-aed9-4f2f-a59a-6316b7bccb6e,botanical_garden,2026-02-01 20:45:00,386.7,153.3,12.1,4.336,,
bc9f04e2-c9c9-4243-bb2f-678b0c54edb7,botanical_garden,2026-02-01 21:00:00,395.3,154.2,12.4,4.336,,
f99adad0-f299-435a-8809-7a882e5d7921,botanical_garden,2026-02-01 21:15:00,397.8,154.8,12.7,4.336,,
3ce0dbb6-db45-4745-8f72-f775c2d8d2ae,botanical_garden,2026-02-01 21:30:00,398.0,154.8,12.92,4.336,,
ded8dbf7-602e-468e-95e4-8d58706c47f4,botanical_garden,2026-02-01 21:45:00,393.7,156.7,13.1,4.321,,
e41f5339-c8bb-4517-8400-b1b8d99e0df6,botanical_garden,2026-02-01 22:00:00,386.3,155.2,13.2,4.336,,
7eaa7f62-e77e-4ae3-bdde-de062eba4212,botanical_garden,2026-02-01 22:15:00,376.2,155.7,13.3,4.336,,
3eef4732-b041-44b2-9d7e-a0ec43935048,botanical_garden,2026-02-01 22:30:00,368.7,155.5,13.3,4.336,,
f0fb127d-14f0-4f57-ba98-28eaada42c73,botanical_garden,2026-02-01 23:00:00,366.0,157.0,13.3,4.336,,
04ad6b87-c2f7-4f10-a81a-4f2a88caec05,botanical_garden,2026-02-01 23:15:00,366.7,155.5,13.3,4.336,,
7c1f2e9d-e67f-49c1-9577-c6bc65973ac3,botanical_garden,2026-02-01 23:30:00,367.7,155.0,13.2,4.336,,
edeee4fa-192d-402f-9235-6e655bad02b6,botanical_garden,2026-02-01 23:45:00,369.3,155.0,13.2,4.336,,
5f53a2a8-f4d4-4bbd-afd2-6af54e0b309f,botanical_garden,2026-02-02 00:00:00,370.0,154.2,13.1,4.336,,
51100d23-65cc-488f-9314-b42397533ebc,botanical_garden,2026-02-02 00:15:00,371.2,153.7,13.1,4.336,,
5f7307e0-8050-4769-b5c1-2a9e174cdc5b,botanical_garden,2026-02-02 00:30:00,372.0,153.0,13.0,4.336,,
f485422a-eb8e-4543-8f7b-1fcd6e0cbc9f,botanical_garden,2026-02-02 00:45:00,374.0,153.8,13.0,4.321,,
8ce731af-ed51-4d81-8cf6-ebd394d24687,botanical_garden,2026-02-02 01:00:00,374.8,153.0,12.9,4.245,,
de8345bd-66bc-4bc5-a661-47fdd1e2edd9,botanical_garden,2026-02-02 01:15:00,376.0,153.8,12.9,4.215,,
6a0d83c0-86f7-4458-a377-a3310af0db50,botanical_garden,2026-02-02 01:30:00,376.3,153.8,12.8,4.139,,
d3e97119-1a8f-448a-94bf-632a24a8c4dc,botanical_garden,2026-02-02 01:45:00,377.0,154.8,12.7,4.139,,
0a47ffe2-e591-4c13-beb2-dca70747a9a6,botanical_garden,2026-02-02 02:00:00,377.0,155.3,12.6,4.124,,
2ef40133-3922-4955-bb09-963fdfb20ec8,botanical_garden,2026-02-02 02:15:00,377.3,154.3,12.5,4.139,,
d51776c0-9037-4d5c-b4df-1fec2ba9083e,botanical_garden,2026-02-02 02:30:00,377.2,154.3,12.3,4.139,,
ce7d9dee-14a2-4a7c-a578-5da81f65916b,botanical_garden,2026-02-02 02:45:00,377.8,153.3,12.2,4.124,,
81f2f7b8-1f48-40be-bed0-4877c9d2befc,botanical_garden,2026-02-02 03:00:00,378.0,153.0,12.1,4.124,,
c74a3425-392a-448b-8757-1cda37f6890d,botanical_garden,2026-02-02 03:15:00,378.0,154.5,12.0,4.124,,
d12d20da-50df-416b-ac9c-b092e9d2c163,botanical_garden,2026-02-02 03:30:00,377.8,154.3,11.9,4.124,,
7d9694ad-10f3-45b1-aeec-c61fa8da8248,botanical_garden,2026-02-02 03:45:00,377.2,152.3,11.8,4.124,,
22ff0a95-93a5-4899-b10d-f1f8838dd2e6,botanical_garden,2026-02-02 04:15:00,377.5,153.3,11.6,4.124,,
79e69203-b8da-4143-accb-d5ffb7fd183b,botanical_garden,2026-02-02 04:30:00,377.5,152.5,11.52,4.124,,
ccaedf0a-02ea-493b-b47b-dc1f660d6a57,botanical_garden,2026-02-02 04:45:00,377.3,153.0,11.5,4.124,,
6293b40c-8573-407c-bfdf-e4214f689f5b,botanical_garden,2026-02-02 05:00:00,377.5,151.8,11.4,4.124,,
62cc03bc-7127-4bf4-aecc-ff428712198c,botanical_garden,2026-02-02 05:15:00,377.2,153.3,11.3,4.124,,
32f6d24f-8727-450f-b690-92c484d2e622,botanical_garden,2026-02-02 05:30:00,377.8,153.2,11.3,4.124,,
438d6968-f656-4b54-b187-b2c91b5449e9,botanical_garden,2026-02-02 05:45:00,377.0,152.8,11.2,4.124,,
39c513c8-988e-45de-8082-3489a6f0e153,botanical_garden,2026-02-02 06:00:00,377.5,152.7,11.1,4.124,,
fd3dedcd-0a16-405d-a569-587b56924b46,botanical_garden,2026-02-02 06:15:00,377.3,154.0,11.1,4.124,,
71edddb2-87eb-4029-8f00-32ecfe33aa31,botanical_garden,2026-02-02 06:30:00,377.5,153.2,11.0,4.124,,
d544613d-7637-4adb-a083-30b7bba2297d,botanical_garden,2026-02-02 06:45:00,377.7,151.8,11.0,4.124,,
6c217ad3-03b5-4bc3-b231-8df88776fb20,botanical_garden,2026-02-02 07:15:00,377.5,153.2,10.9,4.124,,
20db3dc1-988a-42b8-bb8f-b46a068c956d,botanical_garden,2026-02-02 07:30:00,377.5,153.2,10.8,4.124,,
8e23f443-ff41-4655-8697-2071796966e7,botanical_garden,2026-02-02 07:45:00,377.8,152.8,10.8,4.124,,
5ed048d7-ee25-4b64-bd44-5957e3dedaf4,botanical_garden,2026-02-02 08:00:00,378.0,151.7,10.8,4.124,,
e1608c12-c833-455d-aaf1-d1020bb41e1c,botanical_garden,2026-02-02 08:15:00,377.8,153.2,10.7,4.124,,
a54d6c75-6514-465a-a44a-b5d87bf2211a,botanical_garden,2026-02-02 08:45:00,378.2,152.2,10.7,4.124,,
4d2cf29c-8285-4ccb-a0c6-41b3eab0d848,botanical_garden,2026-02-02 09:15:00,378.2,150.3,10.6,4.124,,
76183ce0-69bb-495f-a226-d7ffe84bf5bf,botanical_garden,2026-02-02 09:30:00,378.7,151.8,10.6,4.124,,
4007da42-6c0a-4d93-852a-1788edc6eaf1,botanical_garden,2026-02-02 09:45:00,380.0,151.7,10.6,4.124,,
fb5d21e8-55dd-46aa-ac45-bfc83a0d92cf,botanical_garden,2026-02-02 10:00:00,380.5,152.7,10.5,4.124,,
f2eb8214-e7a6-4c57-b24e-eee7e69ad1ea,botanical_garden,2026-02-02 10:15:00,380.5,151.8,10.5,4.124,,
e3c309cb-67fd-4e63-ae07-8e6532e500e4,botanical_garden,2026-02-02 10:30:00,379.3,152.7,10.5,4.124,,
4385ac98-6763-43a8-9e93-47f7c08d8f03,botanical_garden,2026-02-02 10:45:00,378.7,151.8,10.4,4.124,,
a8204a19-a2b9-4b89-a835-d0714021a049,botanical_garden,2026-02-02 11:00:00,378.2,152.0,10.4,4.109,,
683b5952-acf8-4d62-921d-773563f80efe,botanical_garden,2026-02-02 11:15:00,378.0,153.2,10.4,4.124,,
046f54ce-ffb6-4b63-8f73-9c4fc3e062da,botanical_garden,2026-02-02 11:30:00,376.8,152.5,10.4,4.109,,
3ccf0010-18e1-457b-b210-02a3c171a189,botanical_garden,2026-02-02 11:45:00,376.3,152.3,10.3,4.109,,
aee64a9b-8c15-4044-bc6f-d3ebb218f413,botanical_garden,2026-02-02 12:00:00,376.2,152.7,10.3,4.124,,
90906537-0043-4031-9b85-b8572fc2df98,botanical_garden,2026-02-02 12:15:00,376.0,151.7,10.3,4.124,,
18e8b630-e93d-4ba8-8990-f586bd0aa061,botanical_garden,2026-02-02 12:30:00,375.8,151.7,10.22,4.124,,
18010ede-129e-4009-bfd1-cbfe5a21694f,botanical_garden,2026-02-02 12:45:00,375.0,151.7,10.2,4.109,,
4b4cbd85-1e45-428b-b6a2-be6b530ec0c1,botanical_garden,2026-02-02 13:00:00,374.3,151.5,10.2,4.109,,
da1cd8ac-dcb2-41a9-8b22-b58713078393,botanical_garden,2026-02-02 13:15:00,375.0,151.3,10.2,4.124,,
2ff1fb47-0842-46bf-8ff6-f34c56d86870,botanical_garden,2026-02-02 13:30:00,375.7,151.0,10.1,4.109,,
b4540d21-d07d-4999-8250-c58d98c35095,botanical_garden,2026-02-02 13:45:00,376.5,151.5,10.1,4.109,,
3687f3e2-9938-474c-9ce9-80ed21960247,botanical_garden,2026-02-02 14:00:00,377.2,152.0,10.1,4.109,,
089abc7d-8eda-48a2-98b4-4f9715b55961,botanical_garden,2026-02-02 14:15:00,378.0,152.3,10.1,4.109,,
c4ae677c-6cbb-46c3-b657-2932e1e25532,botanical_garden,2026-02-02 14:30:00,378.7,151.7,10.0,4.124,,
6e45e89d-e323-45af-9948-57aa07e0374f,botanical_garden,2026-02-02 14:45:00,378.3,151.0,10.0,4.124,,
eb14f875-c360-46d8-8d97-dce2e1258996,botanical_garden,2026-02-02 15:00:00,379.2,151.3,10.0,4.109,,
37e95c1d-e088-486a-a647-99deaeafa32b,botanical_garden,2026-02-02 15:15:00,380.2,151.2,10.0,4.109,,
b51ad616-f791-4a9b-9ac9-78d6fc495108,botanical_garden,2026-02-02 15:30:00,380.7,151.7,9.9,4.109,,
e1b90c8e-8dad-402c-b3d3-faf768ed4cad,botanical_garden,2026-02-02 15:45:00,379.3,151.3,9.9,4.109,,
fe5628c5-b7d1-4cbf-9a7c-0c70e770f98b,botanical_garden,2026-02-02 16:00:00,371.8,151.0,9.9,4.109,,
2f97d26d-92ff-469c-82d3-327bfc3885c1,botanical_garden,2026-02-02 16:15:00,379.0,151.0,9.9,4.109,,
56c6726a-f5fc-41a8-80cb-f104aa4f7a93,botanical_garden,2026-02-02 16:30:00,380.5,151.0,9.9,4.185,,
df307011-e313-4b13-a308-efcb7ef0725a,botanical_garden,2026-02-02 16:45:00,379.7,151.8,9.9,4.215,,
db6f07f7-d64b-46fd-81d9-6233cd5cb214,botanical_garden,2026-02-02 17:00:00,381.7,152.2,9.9,4.215,,
e1dd1692-9cca-48b3-b4ed-3da6d571abfb,botanical_garden,2026-02-02 17:15:00,380.2,151.2,10.0,4.23,,
e1797de1-7ac4-47ae-ad9c-b7762c29f152,botanical_garden,2026-02-02 17:30:00,381.3,151.2,10.0,4.245,,
915c1566-5749-4a1f-8b94-24fa5094ad0d,botanical_garden,2026-02-02 17:45:00,380.2,150.8,10.1,4.23,,
9e025046-3327-457f-84a4-f2a13c41d13a,botanical_garden,2026-02-02 18:00:00,379.3,151.0,10.2,4.23,,
fd20bccb-5275-44d5-b7fe-fd2610a4d39c,botanical_garden,2026-02-02 18:15:00,379.5,151.8,10.3,4.23,,
0501a313-d570-487d-96d1-44f3c0ef8c31,botanical_garden,2026-02-02 18:30:00,379.5,151.2,10.3,4.23,,
ea345a7a-8c83-4cb7-86ec-41928805b64c,botanical_garden,2026-02-02 18:45:00,379.5,151.2,10.4,4.23,,
30029dbb-cdb1-4787-b0b9-67cd2942ffef,botanical_garden,2026-02-02 19:00:00,379.2,152.0,10.5,4.23,,
7bb24785-850a-4040-99f0-ed0f9b73274e,botanical_garden,2026-02-02 19:15:00,378.8,152.0,10.6,4.23,,
8fd2dde0-11cf-4825-a4a8-575742d66eec,botanical_garden,2026-02-02 19:30:00,378.8,151.5,10.8,4.336,,
9181b719-2552-40e6-98ac-327a5b014be9,botanical_garden,2026-02-02 19:45:00,378.3,152.0,11.0,4.336,,
bec477d6-aca4-4cfb-9311-d87910e8f28e,botanical_garden,2026-02-02 20:00:00,378.7,151.7,11.2,4.336,,
38476cb1-ffc9-4d77-9606-3e52b94c849b,botanical_garden,2026-02-02 20:15:00,378.5,152.2,11.4,4.336,,
1e73b328-2cc2-44e6-8ead-f96b099b7f51,botanical_garden,2026-02-02 20:30:00,377.8,152.3,11.68,4.336,,
47b41be8-a25e-4a1a-9f22-394a35844606,botanical_garden,2026-02-02 20:45:00,377.8,151.8,11.9,4.336,,
0b3e794a-d825-4e19-ba0b-8205f8ccebd5,botanical_garden,2026-02-02 21:00:00,378.2,152.8,12.1,4.336,,
9c248681-c611-4506-9aac-2e11e5ee1da7,botanical_garden,2026-02-02 21:15:00,378.2,153.2,12.3,4.336,,
d712ee98-1456-47db-bc14-fb2f1c623e45,botanical_garden,2026-02-02 21:30:00,377.7,152.0,12.7,4.336,,
d0ab4b3a-f964-4e26-9ecb-602d54cd40bc,botanical_garden,2026-02-02 21:45:00,378.2,152.3,12.9,4.336,,
1e7a2e8f-de5a-4547-9944-526016d75feb,botanical_garden,2026-02-02 22:00:00,378.2,153.0,13.1,4.336,,
a921149a-8510-4556-ac3d-2039d1c78af5,botanical_garden,2026-02-02 22:15:00,377.8,153.7,13.2,4.336,,
8b72109a-4ae3-4554-8d02-b3e2dca50554,botanical_garden,2026-02-02 22:30:00,377.8,154.5,13.2,4.336,,
f5938569-c494-4f64-a2bc-6a6819055646,botanical_garden,2026-02-02 22:45:00,378.5,154.3,13.3,4.336,,
73e798f7-6d9f-47b8-9bf7-f763210bdfa2,botanical_garden,2026-02-02 23:00:00,378.0,153.8,13.3,4.321,,
a5722b94-2be5-4b3c-8e9a-a3ec49cc2f8f,botanical_garden,2026-02-02 23:15:00,378.3,154.0,13.38,4.336,,
034e3a44-ff77-4130-8fbc-ee549516495d,botanical_garden,2026-02-02 23:30:00,378.3,154.0,13.4,4.336,,
b0f73fbb-7c11-43a5-83b6-8add3bffb19b,botanical_garden,2026-02-02 23:45:00,378.2,154.0,13.32,4.336,,
2c69a992-e76c-4a89-8f7c-9dd405b5585a,botanical_garden,2026-02-03 00:00:00,378.8,153.8,13.3,4.321,,
d6bda399-7fdf-4c87-bed6-e26d025e173c,botanical_garden,2026-02-03 00:15:00,379.0,154.8,13.2,4.23,,
348188f9-6be7-4e84-a161-d45c3fe5e420,botanical_garden,2026-02-03 00:30:00,379.0,155.3,13.2,4.215,,
6ef0ebac-2fe9-4b49-81ad-cb705da3c604,botanical_garden,2026-02-03 00:45:00,379.0,154.8,13.1,4.215,,
05f90476-2a41-4227-adca-a2bc5b0a0aa8,botanical_garden,2026-02-03 01:00:00,379.2,154.3,13.0,4.124,,
ad811a83-d800-4f38-9410-e51f8158a77f,botanical_garden,2026-02-03 01:15:00,378.8,155.0,12.9,4.124,,
97142339-2322-4c13-a654-b17c7885b63d,botanical_garden,2026-02-03 01:30:00,379.2,154.2,12.8,4.124,,
7e8a191c-7fce-4b63-aeff-099d645aa1a0,botanical_garden,2026-02-03 01:45:00,379.7,154.0,12.7,4.124,,
7afc23f9-82ec-4a9d-b550-89b12b80f9a2,botanical_garden,2026-02-03 02:15:00,379.0,153.8,12.5,4.124,,
782a83d4-d0be-4033-aac9-1a396ca18ef0,botanical_garden,2026-02-03 02:30:00,378.8,152.5,12.4,4.124,,
b5f3c98f-70cf-46d6-8daf-0fcea08234c1,botanical_garden,2026-02-03 02:45:00,378.7,153.3,12.3,4.124,,
0782c48b-655c-4582-ad1b-bf1cc816ea79,botanical_garden,2026-02-03 03:15:00,378.0,153.0,12.1,4.124,,
e07cd82f-8a63-4632-97b5-be23e74cf5ff,botanical_garden,2026-02-03 03:30:00,377.8,153.7,12.0,4.124,,
e45924fa-7c5d-4af0-a6c6-88efaa974985,botanical_garden,2026-02-03 03:45:00,377.7,154.2,11.9,4.124,,
7216589f-1ed3-483b-b538-066c93b645e1,botanical_garden,2026-02-03 04:00:00,378.0,154.0,11.8,4.124,,
0ef505b5-2f24-4408-b50e-69b6172ca760,botanical_garden,2026-02-03 04:15:00,378.0,153.7,11.8,4.124,,
24d797c9-202f-4e98-8bd4-3e6f41e440bd,botanical_garden,2026-02-03 04:30:00,378.2,154.7,11.7,4.124,,
1a27532d-b1c1-4389-88d8-eb71286db39d,botanical_garden,2026-02-03 04:45:00,377.7,153.3,11.6,4.124,,
04e54406-f6a4-439a-b663-52da164658b5,botanical_garden,2026-02-03 05:00:00,377.5,154.2,11.6,4.109,,
605a8a07-59cd-4556-8377-d7dec5726a3f,botanical_garden,2026-02-03 05:15:00,377.5,154.0,11.5,4.124,,
d75c2a88-edbc-455f-a5bc-82c67c5bda06,botanical_garden,2026-02-03 05:30:00,377.8,153.5,11.5,4.124,,
43ccd8d3-97c3-4fba-8126-555adf104813,botanical_garden,2026-02-03 05:45:00,377.5,153.7,11.4,4.124,,
dcdff50a-2013-449c-a816-3673395c1ec2,botanical_garden,2026-02-03 06:00:00,376.8,153.7,11.4,4.124,,
51a9fff5-e204-452a-a932-38b188469811,botanical_garden,2026-02-03 06:15:00,376.7,153.7,11.3,4.124,,
eb456cba-5b6c-499a-a6d3-1244039a7421,botanical_garden,2026-02-03 06:30:00,377.0,153.2,11.3,4.124,,
be9b027b-2960-497f-906e-5b83124e10c0,botanical_garden,2026-02-03 06:45:00,377.2,152.8,11.2,4.124,,
1e3c58c9-59d2-466a-8cf9-c71c8deada26,botanical_garden,2026-02-03 07:00:00,377.2,152.8,11.2,4.124,,
3b84fad4-8c04-4fba-81bf-886c9b95b2ad,botanical_garden,2026-02-03 07:15:00,377.0,152.2,11.1,4.124,,
acf73674-7ee7-45ff-af26-31f0861b46e7,botanical_garden,2026-02-03 07:30:00,377.2,152.2,11.1,4.124,,
f93c92fe-2459-4571-9e55-887c6581a09a,botanical_garden,2026-02-03 07:45:00,377.5,152.2,11.1,4.124,,
577b9e5a-31d5-4da3-8411-eb22ae4069b7,botanical_garden,2026-02-03 08:00:00,377.5,152.5,11.0,4.124,,
ff26872d-04ef-4840-a90b-cdb76d006665,botanical_garden,2026-02-03 08:15:00,378.0,151.0,11.0,4.124,,
1aac2211-1b42-47b5-a181-e15c53750dc5,botanical_garden,2026-02-03 08:30:00,377.7,153.0,11.0,4.109,,
cff81b51-13e1-4a90-bee7-dbe2aa1618e3,botanical_garden,2026-02-03 08:45:00,378.0,152.7,10.9,4.124,,
f7be038c-7f15-4cde-a9fb-daf592e8d461,botanical_garden,2026-02-03 09:00:00,378.2,152.2,10.9,4.124,,
bfdd87dd-69f6-4f89-a614-6c5e7d69cf25,botanical_garden,2026-02-03 09:15:00,378.2,151.5,10.9,4.124,,
49570b22-48f6-47be-8c5f-e6cb965d9c83,botanical_garden,2026-02-03 09:30:00,378.3,153.8,10.8,4.124,,
ef4b9900-1fe8-4ffe-86b4-5cbf8d4dc794,botanical_garden,2026-02-03 09:45:00,378.5,153.2,10.8,4.124,,
25e4f253-99f6-44c3-a8c5-bca0ff7ee685,botanical_garden,2026-02-03 10:00:00,378.8,153.3,10.8,4.124,,
2b8a2a9a-45ea-4e22-98bb-dc175d21b562,botanical_garden,2026-02-03 10:15:00,379.7,152.7,10.8,4.109,,
fca79469-7f75-4938-9c6f-eebd879f100d,botanical_garden,2026-02-03 10:30:00,379.3,153.2,10.7,4.124,,
0747ff07-eb79-47ca-b189-b996c1641c6e,botanical_garden,2026-02-03 10:45:00,378.2,153.7,10.7,4.124,,
1d4e5b64-033e-42da-9d34-a68dbfe5236f,botanical_garden,2026-02-03 11:00:00,377.5,153.2,10.7,4.109,,
d07eafaf-88b1-4af2-bb70-e010ff5caa85,botanical_garden,2026-02-03 11:15:00,376.8,153.0,10.7,4.109,,
8c03d40e-3eaf-49a6-916a-b321bbef3435,botanical_garden,2026-02-03 11:30:00,374.8,153.3,10.65,4.109,,
e85c57d0-4497-4414-9fb8-efdf943e06be,botanical_garden,2026-02-03 11:45:00,374.2,153.2,10.6,4.109,,
68d8354e-928b-4f56-9a42-d696813d93fb,botanical_garden,2026-02-03 12:00:00,373.2,153.8,10.6,4.109,,
1eb5bf92-e290-4716-9940-530b5e15bf17,botanical_garden,2026-02-03 12:15:00,373.0,153.7,10.6,4.109,,
31f87f24-4525-4a33-ad72-4b791140513d,botanical_garden,2026-02-03 12:30:00,373.0,154.8,10.6,4.124,,
31c92b0a-2a46-4c68-9afe-d0096d8063d1,botanical_garden,2026-02-03 12:45:00,373.3,153.2,10.5,4.109,,
89035a7b-e6b9-4426-88c0-c7d603669fb6,botanical_garden,2026-02-03 13:00:00,373.8,153.0,10.5,4.109,,
3bf22527-efef-4e49-a61f-c4f91315521b,botanical_garden,2026-02-03 13:15:00,373.7,154.5,10.5,4.109,,
5c03c97f-451f-4aa9-88b3-76ae406a4adb,botanical_garden,2026-02-03 13:30:00,373.8,154.2,10.5,4.109,,
e06f35fe-8fd9-4b56-8327-9594f9827271,botanical_garden,2026-02-03 13:45:00,373.5,153.3,10.4,4.094,,
f473a87b-1ced-4223-a264-3d61b3b8b6ff,botanical_garden,2026-02-03 14:00:00,374.2,153.5,10.4,4.109,,
e7b9410e-244c-4501-be33-9223943e17db,botanical_garden,2026-02-03 14:15:00,374.2,152.3,10.4,4.109,,
67b563c5-353c-4c9f-896a-8a183a72abf7,botanical_garden,2026-02-03 14:30:00,374.8,152.8,10.4,4.124,,
89044c30-83a3-4ed5-bd6d-77c816857cc6,botanical_garden,2026-02-03 14:45:00,375.0,152.2,10.4,4.094,,
03e5c20e-0fac-4b30-a058-65c849be3668,botanical_garden,2026-02-03 15:00:00,375.5,152.7,10.4,4.109,,
d8bdc1f0-b2a1-427f-8f17-c0fb6014cbfe,botanical_garden,2026-02-03 15:15:00,376.0,153.0,10.37,4.109,,
6b1a1b62-9b6c-47b0-8d16-c2f3e7676931,botanical_garden,2026-02-03 15:30:00,376.0,154.0,10.3,4.109,,
19b036ac-d7eb-421d-958f-01f769761e4d,botanical_garden,2026-02-03 15:45:00,376.0,153.0,10.3,4.109,,
b5794268-3fc2-4a0c-9e3c-640a1f1d3812,botanical_garden,2026-02-03 16:00:00,376.2,152.0,10.3,4.109,,
f3f4b444-a489-45fd-8119-0263f98dd682,botanical_garden,2026-02-03 16:15:00,376.3,152.8,10.3,4.109,,
6ff555b5-22a7-49d6-8ce3-4cdc74b44d5e,botanical_garden,2026-02-03 16:30:00,376.7,153.2,10.3,4.215,,
4d0949f6-0b1b-49af-a6b6-892307aa3993,botanical_garden,2026-02-03 16:45:00,376.7,153.0,10.3,4.215,,
c0883768-aab4-4c28-a20e-ca36e5887859,botanical_garden,2026-02-03 17:00:00,376.2,151.7,10.4,4.215,,
54d5ee98-2b5a-4531-82d4-7eb51dcd097f,botanical_garden,2026-02-03 17:15:00,376.0,152.0,10.4,4.23,,
c25761b9-10d1-4832-8e62-32af0c75eb44,botanical_garden,2026-02-03 17:30:00,376.2,153.8,10.5,4.215,,
1c444aaf-1de0-4f65-a39f-c367710f38a9,botanical_garden,2026-02-03 17:45:00,376.2,152.0,10.6,4.23,,
f19d711c-2f30-4c58-9a95-da4ebffc5042,botanical_garden,2026-02-03 18:15:00,376.2,152.2,10.8,4.23,,
18551711-3931-4f43-ad99-036423c52ef5,botanical_garden,2026-02-03 18:30:00,376.2,152.2,10.9,4.23,,
2bb8596c-d84b-453f-94e0-e37e333ccc3e,botanical_garden,2026-02-03 18:45:00,376.2,152.8,11.0,4.23,,
88557295-e494-4b96-8348-b27f6f592460,botanical_garden,2026-02-03 19:00:00,376.0,152.7,11.1,4.23,,
b046e1cc-e43e-48e9-8ad6-bb549ff3e4ec,botanical_garden,2026-02-03 19:15:00,375.7,153.8,11.2,4.23,,
602c60e2-6eed-4ef9-b496-e9ccf5b031aa,botanical_garden,2026-02-03 19:30:00,375.7,152.5,11.3,4.321,,
1405608d-1139-4410-8dd5-730df220f5ea,botanical_garden,2026-02-03 19:45:00,373.0,154.2,11.5,4.336,,
a486a031-c6d1-4395-881e-16b01dae68dc,botanical_garden,2026-02-03 20:00:00,372.7,153.7,11.7,4.336,,
97f4e41b-2f3c-46ed-bf08-b65e1fa827d5,botanical_garden,2026-02-03 20:15:00,373.8,153.3,11.9,4.336,,
a2f628b5-e0cd-4e2f-bc58-3119924bb494,botanical_garden,2026-02-03 20:30:00,374.5,154.5,12.1,4.336,,
aefe1b1c-0b77-47ec-9af1-bab8c0bab9de,botanical_garden,2026-02-03 20:45:00,374.7,153.8,12.3,4.336,,
8762eca7-5f47-4b16-a959-579908326d5d,botanical_garden,2026-02-03 21:00:00,375.2,153.8,12.52,4.336,,
f267ac7b-3e16-4dcd-9162-88496c2785c3,botanical_garden,2026-02-03 21:15:00,375.2,155.0,12.8,4.336,,
c4146520-1ef6-48ca-a547-c93102cae341,botanical_garden,2026-02-03 21:30:00,374.7,155.2,13.1,4.336,,
7c0e1496-7ac0-470f-bf7e-3f794eba397e,botanical_garden,2026-02-03 21:45:00,374.7,154.5,13.4,4.336,,
ac77e5be-986c-44f5-ba8f-472600a05140,botanical_garden,2026-02-03 22:00:00,374.5,155.5,13.5,4.336,,
30069ba2-0fe2-4c02-84eb-c481e87f23d6,botanical_garden,2026-02-03 22:15:00,374.7,155.0,13.6,4.336,,
0ce87da0-4356-4ab8-b8b8-d006afb63d52,botanical_garden,2026-02-03 22:30:00,374.8,156.5,13.6,4.336,,
dd9510ef-8e19-4e21-96b9-73644e754fb2,botanical_garden,2026-02-03 22:45:00,374.7,156.5,13.7,4.336,,
0af3e570-d424-4f8f-806a-f50b70950884,botanical_garden,2026-02-03 23:00:00,374.3,154.0,13.7,4.336,,
a1537926-89e9-405c-9410-850f09799d43,botanical_garden,2026-02-03 23:15:00,375.2,155.3,13.7,4.336,,
7bc3bba3-c65a-4aa6-9742-ea87b645c0b4,botanical_garden,2026-02-03 23:30:00,375.2,155.7,13.7,4.336,,
7369517b-2658-4562-bfbb-622df0053033,botanical_garden,2026-02-03 23:45:00,375.7,155.7,13.7,4.336,,
16d11c32-6b21-4b7d-b9fb-efce28536450,botanical_garden,2026-02-04 00:00:00,376.0,155.2,13.6,4.336,,
1b138066-694c-43ab-96d9-9be647096b26,botanical_garden,2026-02-04 00:15:00,375.5,156.0,13.5,4.336,,
6dd9e528-0bc3-464b-b0b8-015c3082ffa5,botanical_garden,2026-02-04 00:30:00,375.8,156.7,13.5,4.23,,
2024b3d2-bc96-4365-808a-b968a23a4516,botanical_garden,2026-02-04 00:45:00,375.8,156.0,13.4,4.215,,
cdd29e3f-5a93-434d-b54c-4f80135b6909,botanical_garden,2026-02-04 01:00:00,381.5,155.7,13.3,4.215,,
517b8dfd-42e4-4c86-9528-1b25f38454e9,botanical_garden,2026-02-04 01:15:00,376.3,156.2,13.22,4.124,,
3e70ccee-6579-49fa-9db5-fcecd9e4bca7,botanical_garden,2026-02-04 01:30:00,376.7,155.3,13.17,4.139,,
b5d45746-9e40-44e1-84a3-31b918a8cd1b,botanical_garden,2026-02-04 01:45:00,376.8,155.5,13.1,4.124,,
82416d48-ba87-4893-af6f-668d02785c3e,botanical_garden,2026-02-04 02:00:00,375.8,156.2,13.0,4.139,,
36e96214-e8ec-4c6f-80a0-787483af4ceb,botanical_garden,2026-02-04 02:15:00,376.0,155.3,12.83,4.124,,
b00f7895-4ae9-4828-b427-0f9d5c884e13,botanical_garden,2026-02-04 02:30:00,376.8,153.8,12.7,4.124,,
237975ef-4fbb-470f-9fad-cbcc5535f06f,botanical_garden,2026-02-04 02:45:00,377.0,154.7,12.6,4.124,,
7ba39113-f60c-4c6d-a2f4-df4151c42b4d,botanical_garden,2026-02-04 03:00:00,377.2,157.0,12.5,4.124,,
f3b07510-9101-4415-8578-80f2620964ac,botanical_garden,2026-02-04 03:15:00,377.3,155.3,12.4,4.124,,
b59ce2d7-ffb1-4273-945c-5bce44c81585,botanical_garden,2026-02-04 03:30:00,376.7,155.2,12.3,4.124,,
b612c596-8a2e-411b-898a-a6a98ab1ba58,botanical_garden,2026-02-04 03:45:00,376.3,155.5,12.2,4.124,,
734ca473-abe9-4f03-9b20-bc872feaa2e0,botanical_garden,2026-02-04 04:00:00,376.8,154.3,12.1,4.124,,
f7584d53-b499-4a89-827a-ec9bf09ff164,botanical_garden,2026-02-04 04:15:00,376.8,155.0,12.1,4.124,,
46c7cd3d-4a80-4804-aea5-2cdc6b39cc45,botanical_garden,2026-02-04 04:30:00,377.0,154.7,12.0,4.124,,
7aa802c4-44d8-40a6-9062-9eedcebb2928,botanical_garden,2026-02-04 04:45:00,376.5,154.5,11.9,4.124,,
6fe7d0ae-264e-481a-9d5d-0fe1a964a87e,botanical_garden,2026-02-04 05:00:00,376.2,154.3,11.9,4.124,,
1f851f82-739b-40aa-9e85-65220dd45d05,botanical_garden,2026-02-04 05:15:00,376.0,154.0,11.8,4.124,,
00d8e5e3-579f-4898-862d-016cb4a6a26d,botanical_garden,2026-02-04 05:30:00,375.7,154.2,11.7,4.124,,
b90e0b2d-a9b8-4a64-842e-b874ce387c2f,botanical_garden,2026-02-04 05:45:00,375.8,155.2,11.7,4.124,,
a45cf852-c9b7-4e16-8e1f-ee25eb8af53d,botanical_garden,2026-02-04 06:00:00,375.7,154.5,11.6,4.124,,
267d9112-f058-4031-8154-64ae15dbddac,botanical_garden,2026-02-04 06:15:00,375.7,155.3,11.5,4.124,,
0e54c3bd-f6b4-4f11-b4b5-12b207f2a42c,botanical_garden,2026-02-04 06:30:00,376.2,154.5,11.5,4.124,,
1894fcc8-b96f-406c-876b-9e60065392cf,botanical_garden,2026-02-04 06:45:00,376.0,155.8,11.4,4.124,,
003c83c6-3850-4e53-b300-2927b4df1d12,botanical_garden,2026-02-04 07:15:00,376.2,155.7,11.3,4.124,,
d00213d5-bdc1-4cac-900b-1148bcd46367,botanical_garden,2026-02-04 07:30:00,376.0,155.7,11.2,4.124,,
acdfb418-09de-4d86-9024-eb46bc8b0e82,botanical_garden,2026-02-04 07:45:00,376.7,155.0,11.2,4.124,,
0f792701-e37d-4d80-b471-986da6206b3f,botanical_garden,2026-02-04 08:00:00,375.8,154.5,11.1,4.124,,
6006faf3-5c62-43e6-a46c-6971264b70bb,botanical_garden,2026-02-04 08:15:00,377.0,154.2,11.1,4.124,,
e84eaa67-ef58-48da-86af-066daa456513,botanical_garden,2026-02-04 08:30:00,377.3,153.8,11.0,4.109,,
85b59ce0-9d67-48cf-9581-cd7ea687ac18,botanical_garden,2026-02-04 08:45:00,378.0,155.2,11.0,4.124,,
092fe855-de60-4569-ad38-8e198a72c4eb,botanical_garden,2026-02-04 09:15:00,378.8,154.2,10.9,4.124,,
a776d2af-2dbf-4136-b730-dd3fbcfe70ab,botanical_garden,2026-02-04 09:30:00,379.8,154.7,10.8,4.124,,
e5d0c42f-8aa7-40f1-9da0-31e23daf93a3,botanical_garden,2026-02-04 09:45:00,381.2,155.0,10.8,4.124,,
f1604d88-4590-45f9-b2a3-d4b8f8bb183e,botanical_garden,2026-02-04 10:00:00,381.3,154.2,10.8,4.124,,
24af8b25-909c-482a-8e6c-13c39a2f169a,botanical_garden,2026-02-04 10:15:00,381.0,154.8,10.7,4.124,,
a1a1912d-44f8-496a-bace-cfc3a580dfc3,botanical_garden,2026-02-04 10:30:00,379.0,155.8,10.7,4.109,,
dae7187d-05bd-4b7f-909c-e23f96314127,botanical_garden,2026-02-04 10:45:00,377.8,154.2,10.7,4.109,,
1a5d5354-92b0-435b-8485-f393255d4dec,botanical_garden,2026-02-04 11:00:00,377.2,155.7,10.6,4.109,,
3e3c604e-f786-4779-b613-dc1bd6381460,botanical_garden,2026-02-04 11:15:00,376.8,154.3,10.6,4.109,,
754384a1-3dbc-409f-b637-349c019a83b2,botanical_garden,2026-02-04 11:30:00,375.5,154.8,10.5,4.109,,
ea8cbf07-c302-47f7-8a9b-06ebf43d7715,botanical_garden,2026-02-04 11:45:00,375.0,155.2,10.5,4.109,,
f271a55c-a806-4d9d-9bd1-210c20a3e14d,botanical_garden,2026-02-04 12:00:00,374.7,153.5,10.5,4.109,,
a272198a-aa3c-4a97-b42c-c63be96bff9a,botanical_garden,2026-02-04 12:15:00,375.3,153.0,10.5,4.094,,
d6535c93-deb0-45f5-8b81-6c67483d1b20,botanical_garden,2026-02-04 12:30:00,375.2,154.7,10.4,4.109,,
921f088c-5589-49ec-b4ad-884fe7a6d21c,botanical_garden,2026-02-04 12:45:00,373.8,155.0,10.4,4.109,,
ae42df42-2fba-4281-a209-ff71ed8a7669,botanical_garden,2026-02-04 13:00:00,374.0,155.2,10.4,4.094,,
9b8c041e-5169-4d54-953d-b0a62fbdc74a,botanical_garden,2026-02-04 13:15:00,374.7,153.3,10.4,4.109,,
df243fd2-3b89-4ec0-9334-0ab83667a6b8,botanical_garden,2026-02-04 13:30:00,374.5,153.7,10.3,4.109,,
be33d1db-7f83-48b1-975e-887aa4f35aa1,botanical_garden,2026-02-04 13:45:00,375.2,154.3,10.3,4.109,,
d8ad3e76-a090-452c-a101-12b45b2ba038,botanical_garden,2026-02-04 14:00:00,376.3,155.7,10.3,4.109,,
a514698f-46d5-4334-b5d7-513921fbd6a6,botanical_garden,2026-02-04 14:15:00,377.7,153.8,10.3,4.109,,
11764c2b-c88e-402e-9c56-033a35505d66,botanical_garden,2026-02-04 14:30:00,378.0,153.8,10.3,4.109,,
94b71b0c-dcb4-4a1f-b869-1149623dd7c6,botanical_garden,2026-02-04 14:45:00,377.7,153.5,10.2,4.109,,
a45b8603-6f3f-4248-9d28-3cbbf3b660c4,botanical_garden,2026-02-04 15:00:00,378.0,155.2,10.2,4.109,,
d8d9c772-99b5-40c6-9a5e-f5b525938f81,botanical_garden,2026-02-04 15:15:00,378.2,154.2,10.2,4.109,,
e84fe82a-f131-4cdd-924e-f0c9d14f941c,botanical_garden,2026-02-04 15:30:00,378.3,154.0,10.2,4.109,,
7fde1436-9693-4f24-8e17-262acc5df911,botanical_garden,2026-02-04 15:45:00,378.3,154.0,10.2,4.109,,
b1cdcb1a-b714-449b-9294-0a7a0871683d,botanical_garden,2026-02-04 16:00:00,378.3,154.2,10.2,4.109,,
0f43d715-94dd-494a-9bb0-ecd79214d611,botanical_garden,2026-02-04 16:15:00,379.2,154.3,10.17,4.109,,
7a7424fd-5415-4f43-9f1a-21f28039c9e0,botanical_garden,2026-02-04 16:30:00,378.8,153.7,10.2,4.215,,
bbde9520-5c88-407d-86d6-2650daabcac4,botanical_garden,2026-02-04 16:45:00,377.8,153.5,10.2,4.2,,
7d2faf6a-0487-4e48-a83a-1538854f8b8b,botanical_garden,2026-02-04 17:00:00,377.7,153.3,10.2,4.23,,
9a2cb333-9803-42c7-a889-2e160924d775,botanical_garden,2026-02-04 17:15:00,378.0,153.7,10.2,4.23,,
e5bf2d40-2464-4be9-aa11-1e63c595cb06,botanical_garden,2026-02-04 17:30:00,377.0,153.8,10.3,4.245,,
4db216f2-f20a-408e-9bf1-af4b8623def2,botanical_garden,2026-02-04 17:45:00,377.3,154.0,10.4,4.23,,
63efaa8d-e540-4a3d-860c-3c6a5025dc8c,botanical_garden,2026-02-04 18:00:00,377.8,152.8,10.4,4.245,,
a2fbfdfb-1355-4398-a72c-19f73c535ed1,botanical_garden,2026-02-04 18:15:00,377.5,153.7,10.5,4.23,,
32f235ac-cd66-47ff-83fa-923b2bd4de32,botanical_garden,2026-02-04 18:30:00,378.0,153.2,10.6,4.245,,
8b0b0823-e11f-4b3b-9d98-251b989ac33c,botanical_garden,2026-02-04 18:45:00,378.0,154.5,10.7,4.245,,
8298f6e1-2e63-4bcf-98c3-b4b84cf04fb5,botanical_garden,2026-02-04 19:15:00,377.3,155.3,11.0,4.23,,
28713548-4792-46fb-bc9f-18ce88b1e699,botanical_garden,2026-02-04 19:30:00,377.0,154.8,11.2,4.321,,
77fd24ba-63ff-4d52-b847-1cd0344fc39f,botanical_garden,2026-02-04 19:45:00,376.8,153.3,11.4,4.336,,
338a27ec-2531-45e7-a8b7-344804b2df68,botanical_garden,2026-02-04 20:00:00,376.8,153.3,11.7,4.321,,
f8d47683-b46f-4739-9a96-2a460449572d,botanical_garden,2026-02-04 20:15:00,377.2,153.3,11.9,4.336,,
d35ea06d-7e3d-4b61-be5f-f38d9b792116,botanical_garden,2026-02-04 20:30:00,377.7,155.2,12.2,4.336,,
8fcb7ea2-3633-4831-907f-7302fc79dbb3,botanical_garden,2026-02-04 20:45:00,376.8,154.0,12.4,4.321,,
68140115-f899-44ff-a5e1-fde060c97d59,botanical_garden,2026-02-04 21:00:00,377.2,154.8,12.7,4.336,,
88f93d06-877e-46ce-9f39-cafb6c63b0d0,botanical_garden,2026-02-04 21:15:00,376.3,154.8,13.0,4.336,,
77d45136-d330-4b2f-b76c-4befe088596a,botanical_garden,2026-02-04 21:30:00,376.5,156.5,13.3,4.336,,
adebd244-f1de-4960-b4e2-96eb0c465f0b,botanical_garden,2026-02-04 21:45:00,376.3,155.8,13.5,4.336,,
3d48e2fd-e5bf-4486-80b4-d4b4289a8d26,botanical_garden,2026-02-04 22:00:00,376.7,156.3,13.7,4.321,,
3691d592-d0e6-49e1-8625-2899be95b0c8,botanical_garden,2026-02-04 22:15:00,376.5,155.5,13.8,4.336,,
abc09c72-2ec9-43e9-bcbc-d496ec15896c,botanical_garden,2026-02-04 22:30:00,376.7,156.7,13.8,4.336,,
2da304bc-e262-47a0-81ba-f197258db946,botanical_garden,2026-02-04 22:45:00,376.8,156.8,13.8,4.336,,
0320dcc2-1810-46e6-9b54-bb8ac07f5a88,botanical_garden,2026-02-04 23:00:00,377.0,156.5,13.9,4.336,,
111a3eab-9557-4685-a450-d2ef9c26d9fb,botanical_garden,2026-02-04 23:30:00,377.0,157.2,13.9,4.336,,
c9eb494e-6d27-4f3c-b1d6-e245119fcf5f,botanical_garden,2026-02-04 23:45:00,377.0,157.2,13.9,4.321,,
5bedddc4-f0e7-4620-a411-a4a7b73f896c,botanical_garden,2026-02-05 00:00:00,377.0,157.2,13.8,4.336,,
ce82dace-4be0-446d-abaa-39e7123796e4,botanical_garden,2026-02-05 00:15:00,376.7,156.2,13.7,4.336,,
979abdb5-70d3-4c17-83c3-6daef7455596,botanical_garden,2026-02-05 00:30:00,377.2,156.8,13.7,4.23,,
b07d881a-dc1c-4056-bdff-c5cefe16669f,botanical_garden,2026-02-05 00:45:00,376.7,157.3,13.6,4.336,,
14903dd7-8995-4bc4-87d7-04b4c50aa833,botanical_garden,2026-02-05 01:15:00,376.5,156.0,13.4,4.124,,
d112ac06-49b7-4061-a1de-0d46bb2a3688,botanical_garden,2026-02-05 01:30:00,377.3,155.2,13.3,4.124,,
c3d11bda-c2bf-4aa4-8296-c9a5a13385fe,botanical_garden,2026-02-05 01:45:00,377.3,155.5,13.2,4.124,,
2effcb4a-a23c-49d7-85a0-b32e35410d58,botanical_garden,2026-02-05 02:00:00,377.3,156.2,13.1,4.124,,
4023ff0b-d744-4dfa-a5de-4ccd69b35294,botanical_garden,2026-02-05 02:15:00,377.0,155.7,13.0,4.124,,
388bf502-1259-4179-96e8-1948236ba960,botanical_garden,2026-02-05 02:30:00,377.5,155.7,12.8,4.124,,
21c9510c-ca09-4edd-a864-0a326c7c90dc,botanical_garden,2026-02-05 02:45:00,377.3,156.2,12.7,4.124,,
9b586df3-e3b2-4935-9a52-676673360533,botanical_garden,2026-02-05 03:15:00,377.8,156.0,12.5,4.124,,
f00682cf-644f-4237-8240-ab13d2e53547,botanical_garden,2026-02-05 03:30:00,377.0,156.5,12.4,4.124,,
c538606b-de9e-47ae-b35f-add6ba12c053,botanical_garden,2026-02-05 03:45:00,377.3,154.8,12.2,4.124,,
ebef5ea2-7bc0-4d39-9b78-204f0fee2739,botanical_garden,2026-02-05 04:00:00,377.3,155.0,12.1,4.124,,
a4472730-9f35-486c-9f6f-b14a94d76fc7,botanical_garden,2026-02-05 04:15:00,376.8,154.3,12.0,4.124,,
257bccaa-c95e-496f-aff3-fdbfa65ae41c,botanical_garden,2026-02-05 04:30:00,377.0,154.5,11.9,4.124,,
9956c1b3-5041-42bd-8742-8f4ad93d7cec,botanical_garden,2026-02-05 04:45:00,377.0,153.7,11.9,4.124,,
5454abd5-4d7a-4144-87f3-90a47c73101a,botanical_garden,2026-02-05 05:00:00,377.0,155.3,11.8,4.124,,
b18e8be4-6d12-41ce-88b5-2f5a232855ea,botanical_garden,2026-02-05 05:15:00,377.0,155.0,11.7,4.124,,
54c5b429-cafa-41f6-938b-af63bd255380,botanical_garden,2026-02-05 05:30:00,377.3,155.3,11.6,4.124,,
08afc061-0a44-434d-af5b-d4278a579959,botanical_garden,2026-02-05 05:45:00,377.2,155.5,11.6,4.124,,
267a9164-76bb-49ac-9d9c-4c2d11326104,botanical_garden,2026-02-05 06:00:00,377.3,154.8,11.5,4.124,,
af959cb6-4abd-4711-9d6d-35d9e65eec7f,botanical_garden,2026-02-05 06:15:00,377.2,154.5,11.5,4.124,,
b193a7e8-5b6d-48aa-b225-2ef6fd3d3035,botanical_garden,2026-02-05 06:30:00,376.7,153.8,11.4,4.124,,
e424b82f-da30-457a-b9c2-6e8906053750,botanical_garden,2026-02-05 06:45:00,377.2,154.0,11.4,4.109,,
21e9f9fc-d52f-401d-9213-33b50c0cadf6,botanical_garden,2026-02-05 07:00:00,376.7,154.8,11.3,4.124,,
e79c259a-91be-4e38-8bc5-5d636d23467d,botanical_garden,2026-02-05 07:15:00,377.3,154.5,11.3,4.124,,
353207e1-3cd5-4525-9f72-2839e539587a,botanical_garden,2026-02-05 07:30:00,376.8,154.8,11.2,4.109,,
767c8111-a631-4029-869e-617445f2e318,botanical_garden,2026-02-05 07:45:00,377.7,154.3,11.2,4.109,,
bb5e3fd5-b3ef-4f9d-973c-c5a1fb589a04,botanical_garden,2026-02-05 08:00:00,377.8,153.8,11.1,4.124,,
034bb637-f652-4d7b-b6e0-46397f6c2361,botanical_garden,2026-02-05 08:15:00,378.0,152.7,11.1,4.124,,
6f4b4f8a-25ee-4438-ad2c-3c35ced250e7,botanical_garden,2026-02-05 08:30:00,378.7,154.5,11.1,4.109,,
7efe1dbe-0fd1-4897-af06-981a9d44a0b8,botanical_garden,2026-02-05 08:45:00,378.7,154.3,11.1,4.124,,
2ac4405a-7362-484c-a448-9d1c77a76f0c,botanical_garden,2026-02-05 09:00:00,379.3,154.7,11.0,4.124,,
c356efca-e775-4b8b-9748-5080884e372a,botanical_garden,2026-02-05 09:15:00,378.8,153.2,11.0,4.109,,
0e3976d1-abfa-445b-b2b2-8b145bea3113,botanical_garden,2026-02-05 09:30:00,379.0,154.3,11.0,4.124,,
20e75c5a-9162-4f31-aaeb-f771cb605204,botanical_garden,2026-02-05 09:45:00,379.0,154.3,10.9,4.109,,
fbbb9b70-8d57-4635-babd-e39367ba283e,botanical_garden,2026-02-05 10:00:00,379.5,154.0,10.9,4.124,,
972c2e16-d8b1-4944-9b21-1372bb763507,botanical_garden,2026-02-05 10:15:00,378.8,153.0,10.9,4.124,,
d35a4a92-a34a-424a-af88-0df00a974fbc,botanical_garden,2026-02-05 10:30:00,377.5,154.0,10.9,4.109,,
9fe14d32-1e15-4ae5-a082-d3a34e0ca639,botanical_garden,2026-02-05 10:45:00,377.2,154.0,10.9,4.109,,
14da45cf-73cd-4020-893d-e60c74d75429,botanical_garden,2026-02-05 11:00:00,377.2,155.3,10.8,4.109,,
a2b92a8a-14cc-46f6-876e-ae5f89416a1f,botanical_garden,2026-02-05 11:15:00,376.7,154.8,10.8,4.109,,
6984b54a-2495-4744-b61b-368a58c1ddf9,botanical_garden,2026-02-05 11:30:00,374.3,154.7,10.8,4.109,,
868908c8-6d76-4863-96e3-57b9b34e5dac,botanical_garden,2026-02-05 11:45:00,374.3,155.8,10.8,4.109,,
933dbe40-f93c-4f50-a66d-cdc1e4d62105,botanical_garden,2026-02-05 12:00:00,374.2,155.0,10.8,4.109,,
ba09434d-ea21-46d4-80a2-6e953e00f1f5,botanical_garden,2026-02-05 12:15:00,372.7,154.2,10.7,4.109,,
4d4fba01-421d-471d-84db-aa74b5b7dc30,botanical_garden,2026-02-05 12:30:00,373.3,154.3,10.7,4.109,,
a3256b10-e423-42cc-8be3-91c5658d81d0,botanical_garden,2026-02-05 12:45:00,373.2,154.7,10.7,4.109,,
ecac1d04-1ed8-43fa-bb69-e84ea31054dd,botanical_garden,2026-02-05 13:00:00,373.8,154.0,10.7,4.109,,
a7bd1986-4540-422f-95b8-266a28c7a27e,botanical_garden,2026-02-05 13:15:00,373.7,153.7,10.7,4.109,,
59f8840a-9589-4fdc-8715-5c7195670fd8,botanical_garden,2026-02-05 13:30:00,374.3,153.8,10.62,4.109,,
e467b8da-8b88-4ce8-ba2b-66e9a4b1191b,botanical_garden,2026-02-05 13:45:00,373.0,153.3,10.6,4.109,,
f445b01f-070b-4136-94ee-e86d659bc7ef,botanical_garden,2026-02-05 14:00:00,374.0,154.0,10.6,4.109,,
3038752a-527a-41bd-aab9-b7407f5ffef1,botanical_garden,2026-02-05 14:15:00,374.2,153.8,10.6,4.109,,
497f6734-d8be-4e35-b3e8-35695adac639,botanical_garden,2026-02-05 14:30:00,374.7,153.3,10.6,4.109,,
0ba57170-597d-4303-a47c-fbfa1e20aa59,botanical_garden,2026-02-05 14:45:00,375.3,154.3,10.6,4.109,,
ce0e91c4-43ea-4656-99f2-f503bc710edd,botanical_garden,2026-02-05 15:00:00,375.5,153.8,10.6,4.109,,
61adecc3-454a-4759-89c8-fc1fe7114393,botanical_garden,2026-02-05 15:15:00,376.0,154.7,10.6,4.109,,
9a4f7f0d-9eeb-4075-886d-0e5fc894dbcd,botanical_garden,2026-02-05 15:30:00,376.0,153.3,10.6,4.109,,
455e4e22-520f-44b4-8388-1691618df21d,botanical_garden,2026-02-05 15:45:00,376.3,153.3,10.6,4.109,,
17d4c206-f066-4b44-b6bc-7321f49d3798,botanical_garden,2026-02-05 16:00:00,377.0,153.8,10.6,4.109,,
66c6c3d5-108b-471f-86fe-624abef62223,botanical_garden,2026-02-05 16:15:00,377.0,154.2,10.6,4.109,,
1ce3d6cf-8e0d-40fb-8062-2c567115b61b,botanical_garden,2026-02-05 16:30:00,376.2,153.3,10.6,4.215,,
df6aea5a-4cc0-465f-b43c-27e337519ac9,botanical_garden,2026-02-05 16:45:00,376.8,153.3,10.7,4.215,,
c981e0d8-b4e4-4448-bf1c-2c6c2b52d570,botanical_garden,2026-02-05 17:00:00,376.5,152.8,10.7,4.215,,
a550b8a0-826d-47eb-8b39-6968e9eab435,botanical_garden,2026-02-05 17:15:00,376.2,153.3,10.8,4.245,,
b05c51f4-ebf9-45bc-a1f7-dafdce70f991,botanical_garden,2026-02-05 17:30:00,376.8,154.3,10.9,4.23,,
0f311504-60b3-4043-bf55-362d823480cd,botanical_garden,2026-02-05 17:45:00,376.7,154.2,11.0,4.23,,
e06fad82-d24f-4fea-a0fc-dce0756bd534,botanical_garden,2026-02-05 18:00:00,377.3,153.3,11.1,4.245,,
b475ffb0-9396-4873-98cb-640b86760de9,botanical_garden,2026-02-05 18:15:00,377.3,152.0,11.1,4.23,,
d46e794c-acce-4d64-b358-e14e3e96a18a,botanical_garden,2026-02-05 18:30:00,377.3,153.8,11.2,4.23,,
8bf6c4db-570b-4dde-a50a-0c37f351b29c,botanical_garden,2026-02-05 18:45:00,377.2,154.3,11.3,4.23,,
3e9c4908-f135-4d1f-a4a4-61b6b900a72d,botanical_garden,2026-02-05 19:00:00,376.7,153.5,11.48,4.245,,
69910d06-88ef-47a6-8264-5fb57b0e02b3,botanical_garden,2026-02-05 19:15:00,376.8,152.8,11.6,4.23,,
c7fb52f3-f997-4a29-9000-b2c50ee50302,botanical_garden,2026-02-05 19:30:00,376.8,154.0,11.7,4.321,,
579e7493-8669-4dc7-b25c-c59694b10a5f,botanical_garden,2026-02-05 19:45:00,376.3,152.7,11.9,4.336,,
3def8d33-1f84-4512-b029-4c9434f57b63,botanical_garden,2026-02-05 20:00:00,376.3,152.2,12.1,4.336,,
68663f71-370a-4304-bede-c5f2bea9ed36,botanical_garden,2026-02-05 20:15:00,376.2,153.3,12.4,4.336,,
a149e796-2b0e-4732-b6bf-99a825571b5d,botanical_garden,2026-02-05 20:30:00,376.0,154.0,12.6,4.336,,
9986b810-56db-4f89-9717-db338f4aea86,botanical_garden,2026-02-05 20:45:00,375.5,154.0,12.9,4.336,,
fb9860a3-72f2-4efe-893f-108793ea7fbf,botanical_garden,2026-02-05 21:00:00,376.2,154.5,13.1,4.336,,
80036c1b-d49c-49f6-be42-384835d9b615,botanical_garden,2026-02-05 21:15:00,375.7,153.8,13.4,4.336,,
58ee6a04-b183-4b90-8ce9-da626f6d44ad,botanical_garden,2026-02-05 21:30:00,375.8,154.0,13.7,4.336,,
fed45e7b-ae12-45b8-9c78-ebf12fd90f58,botanical_garden,2026-02-05 21:45:00,376.2,155.0,13.9,4.336,,
3350bc7b-d4fb-45ba-a15a-e4ed2e96167f,botanical_garden,2026-02-05 22:00:00,375.8,155.7,14.1,4.336,,
8790c556-d988-4c84-810a-fc3acf500ba1,botanical_garden,2026-02-05 22:15:00,375.8,155.0,14.2,4.336,,
2be3c5d6-3d35-4228-a9ce-57cc665111fc,botanical_garden,2026-02-05 22:30:00,375.0,156.0,14.2,4.336,,
ca911356-7962-46b5-ace4-9e23df0f066c,botanical_garden,2026-02-05 22:45:00,373.3,157.2,14.3,4.336,,
9597b28b-bc15-4732-9f14-5344debeaea1,botanical_garden,2026-02-05 23:00:00,371.7,156.8,14.3,4.336,,
df7ad3f5-8d26-4af8-bb87-10a43ee57796,botanical_garden,2026-02-05 23:15:00,369.5,156.7,14.3,4.336,,
bd912b3a-a9ef-46b5-9f33-e3906742ae8d,botanical_garden,2026-02-05 23:30:00,365.2,158.2,14.3,4.336,,
b0442d3b-b789-4341-a535-49be323b540f,botanical_garden,2026-02-05 23:45:00,363.0,157.7,14.3,4.336,,
10ba960c-1faf-4d75-b043-478ff1e4bad6,botanical_garden,2026-02-06 00:00:00,361.3,157.3,14.2,4.321,,
dfd7c68f-ef5f-4de3-9f31-e8b96e3db9de,botanical_garden,2026-02-06 00:15:00,360.5,157.3,14.1,4.336,,
a6628d05-1389-4efe-82f1-63db7432f595,botanical_garden,2026-02-06 00:30:00,359.8,157.7,14.1,4.336,,
1deffe27-11f7-4adf-8569-e558e49cff4d,botanical_garden,2026-02-06 00:45:00,359.5,156.0,14.0,4.336,,
b2f3858c-d1cd-4f58-8bd9-bb0376cac893,botanical_garden,2026-02-06 01:00:00,360.8,156.3,14.0,4.23,,
57b19e26-bcb3-46d6-b037-6cd3269fae36,botanical_garden,2026-02-06 01:15:00,363.7,156.8,14.0,4.215,,
697ca352-d32f-4759-8447-e4a10be87787,botanical_garden,2026-02-06 01:30:00,364.2,155.0,13.9,4.124,,
a1c91292-858f-48cf-8814-62b06d61017b,botanical_garden,2026-02-06 01:45:00,364.8,156.2,13.8,4.124,,
5c8f78b3-62f7-40eb-9d4c-df1f7f35bd2b,botanical_garden,2026-02-06 02:15:00,366.3,156.3,13.7,4.124,,
45bfad86-fb0f-4ccb-99eb-625e6568ef49,botanical_garden,2026-02-06 02:30:00,367.3,155.3,13.57,4.124,,
20429800-d38e-40c4-b2ab-d0a6b259dcb8,botanical_garden,2026-02-06 02:45:00,367.5,156.0,13.4,4.124,,
700195b8-f2f8-45ac-a8d8-6d8febebd30e,botanical_garden,2026-02-06 03:00:00,368.5,156.2,13.3,4.124,,
38ddd110-d724-4a7f-bcea-a1e1cefcd3f5,botanical_garden,2026-02-06 03:15:00,368.8,155.3,13.2,4.124,,
44c907c6-54cd-4ce1-8416-959310d7ad59,botanical_garden,2026-02-06 03:30:00,369.3,156.3,13.1,4.124,,
35f44050-a555-4149-ba3f-47cd14acfbb0,botanical_garden,2026-02-06 03:45:00,369.7,155.2,13.1,4.124,,
d6b82a4c-3e5c-4937-8786-f3c7cf59c9c8,botanical_garden,2026-02-06 04:00:00,370.2,155.0,13.0,4.124,,
18cfa291-d725-4bba-b24d-9e5c0c9f8567,botanical_garden,2026-02-06 04:15:00,370.3,154.3,12.9,4.124,,
ba001999-c4b6-4d6e-8a16-5e236ca6c8d9,botanical_garden,2026-02-06 04:30:00,370.8,153.7,12.9,4.124,,
f65d699c-8e19-4a81-ba4c-7bb68bdad089,botanical_garden,2026-02-06 04:45:00,371.5,154.7,12.8,4.124,,
2db8970b-74a1-4b6d-9938-47b807332455,botanical_garden,2026-02-06 05:00:00,371.5,153.7,12.8,4.124,,
542ff24d-1c21-4c8f-9aeb-9762ff43e57b,botanical_garden,2026-02-06 05:15:00,371.8,154.3,12.7,4.124,,
625e4a3b-10d6-4881-83d0-139f01b3c4a2,botanical_garden,2026-02-06 05:30:00,371.7,154.5,12.7,4.124,,
52902fae-b438-4d0c-87b0-3262112b2290,botanical_garden,2026-02-06 05:45:00,371.7,153.7,12.6,4.124,,
70ea3a6a-151b-4ebe-893e-411f50102e66,botanical_garden,2026-02-06 06:00:00,372.3,154.2,12.52,4.124,,
798a0834-5c4c-44ee-a5af-ec697a9f87a2,botanical_garden,2026-02-06 06:15:00,372.3,155.0,12.5,4.124,,
9ee5e5fb-27f5-407a-ab8d-0daddeda44cc,botanical_garden,2026-02-06 06:30:00,372.2,156.0,12.5,4.124,,
a9b45d27-bf43-4929-900d-87ab18e5cdac,botanical_garden,2026-02-06 06:45:00,372.3,155.2,12.4,4.124,,
a221cf08-84ca-45d2-86bb-19a976cf001d,botanical_garden,2026-02-06 07:00:00,371.7,155.5,12.4,4.124,,
f942aedf-ea40-4a12-b07d-33971e90b852,botanical_garden,2026-02-06 07:15:00,371.0,155.0,12.37,4.109,,
b05a1548-a3d4-41a1-8a9b-aff5f36e5416,botanical_garden,2026-02-06 07:30:00,371.5,154.3,12.3,4.124,,
66e9d32e-a374-4bb3-bfa2-c6672827c863,botanical_garden,2026-02-06 07:45:00,371.7,154.2,12.2,4.109,,
8d1b9f7a-b032-41a7-b367-e32a4ba50737,botanical_garden,2026-02-06 08:00:00,372.8,155.7,12.2,4.124,,
fd61e6d7-15ad-44d1-8a13-731883c683ef,botanical_garden,2026-02-06 08:15:00,373.2,154.2,12.1,4.124,,
879241f8-ed42-431c-a416-5dacd909823a,botanical_garden,2026-02-06 08:30:00,372.3,153.3,12.1,4.124,,
ab5b8ac2-1aa3-4a62-81a3-c140f14db579,botanical_garden,2026-02-06 08:45:00,373.8,154.8,12.1,4.124,,
331f220f-e944-474b-ab08-cf29181e9504,botanical_garden,2026-02-06 09:00:00,374.3,154.8,12.1,4.109,,
f4d6ad26-53dd-4911-a2c3-d6692f82c09e,botanical_garden,2026-02-06 09:15:00,374.5,155.2,12.1,4.109,,
f99c91cf-b532-4910-a8bd-47af351066a1,botanical_garden,2026-02-06 09:30:00,375.2,154.3,12.1,4.109,,
c91b9ee5-62dd-46ed-8287-6c5d7fce953e,botanical_garden,2026-02-06 09:45:00,375.3,154.0,12.1,4.109,,
300b1cbd-2287-4fd8-a184-726f0e100d85,botanical_garden,2026-02-06 10:00:00,375.5,155.3,12.1,4.124,,
46811e9a-4fbe-46e0-9148-f757f3946829,botanical_garden,2026-02-06 10:15:00,375.2,154.0,12.1,4.124,,
5435fd43-e833-450e-83da-720ef3501877,botanical_garden,2026-02-06 10:30:00,374.8,154.7,12.1,4.109,,
944c2c0d-6134-4bb5-9a70-05b9d4a4c857,botanical_garden,2026-02-06 10:45:00,373.8,154.2,12.1,4.124,,
1fb1c035-85c0-49ce-8d08-fd525a69a130,botanical_garden,2026-02-06 11:00:00,373.2,154.2,12.0,4.109,,
88c56582-48cf-4811-a5bd-a1235b0a5359,botanical_garden,2026-02-06 11:15:00,372.8,155.7,12.0,4.109,,
ff53a8e8-e9ff-48ba-84ae-28b3939902b1,botanical_garden,2026-02-06 11:30:00,372.0,154.8,11.9,4.124,,
fa70e0cb-c27d-416b-b826-73e62c278c92,botanical_garden,2026-02-06 11:45:00,371.3,155.7,11.9,4.109,,
e6fc75e4-ff1c-4c8a-ac12-37d2e1af9e8a,botanical_garden,2026-02-06 12:00:00,371.7,155.0,11.9,4.109,,
4a7d2061-2cda-403b-8275-b50a3299c39c,botanical_garden,2026-02-06 12:15:00,372.0,155.3,11.8,4.109,,
1b86e99f-f651-4d51-810b-e297441eae20,botanical_garden,2026-02-06 12:30:00,372.8,154.8,11.8,4.109,,
eb21b6f3-e7b0-4f17-af52-6f060c612cd3,botanical_garden,2026-02-06 12:45:00,373.2,156.2,11.7,4.109,,
af30ca23-1dee-4456-8d21-49940f7d70e6,botanical_garden,2026-02-06 13:15:00,372.5,154.5,11.6,4.109,,
bae9e65c-37ac-4de4-a1c8-9a3a49ae2033,botanical_garden,2026-02-06 13:30:00,372.8,154.2,11.6,4.109,,
3214b58e-81ed-427c-8eef-b10582391b69,botanical_garden,2026-02-06 13:45:00,372.2,155.0,11.5,4.109,,
1d3c7fb4-f88f-4ee2-b2f3-920bb4e58403,botanical_garden,2026-02-06 14:00:00,372.2,154.2,11.5,4.109,,
fcfb13b3-535b-484b-8431-c360073c54f3,botanical_garden,2026-02-06 14:15:00,372.3,153.8,11.4,4.109,,
1451771e-d96a-4e1f-ad2a-77d06ee560c9,botanical_garden,2026-02-06 14:30:00,373.3,154.5,11.4,4.109,,
ee2b3ef1-84c2-4f12-8223-4802fa0448b7,botanical_garden,2026-02-06 14:45:00,373.8,154.8,11.3,4.109,,
49ad4199-39b7-4738-9471-681cb8b476a7,botanical_garden,2026-02-06 15:00:00,372.7,154.2,11.3,4.109,,
36884906-0d8c-4df8-87d2-2aa1d1d12f20,botanical_garden,2026-02-06 15:15:00,372.5,154.7,11.28,4.109,,
bea23fcb-1a1d-49b5-acb4-46db4cfdcc19,botanical_garden,2026-02-06 15:30:00,372.8,154.3,11.2,4.109,,
156ab210-83ab-416a-8550-7cf085c4851c,botanical_garden,2026-02-06 15:45:00,373.2,154.2,11.2,4.109,,
2fc57d1a-f2bf-4b27-b66c-f351961d6fe3,botanical_garden,2026-02-06 16:00:00,372.8,153.5,11.2,4.109,,
93e53b17-87ac-493d-9565-0fb146d4a91b,botanical_garden,2026-02-06 16:15:00,373.3,153.7,11.12,4.109,,
12eb25b4-9554-46fa-91ad-5a19dd17e9d2,botanical_garden,2026-02-06 16:30:00,374.0,154.0,11.1,4.215,,
d0427e0f-6056-491b-8d49-27ff1f680ed0,botanical_garden,2026-02-06 16:45:00,374.0,153.0,11.1,4.215,,
fdf12b4d-5575-4bf5-9148-67bccec505fe,botanical_garden,2026-02-06 17:00:00,374.8,152.3,11.2,4.23,,
f9c6f9b7-fecc-4e0b-90df-b9c35c0a438d,botanical_garden,2026-02-06 17:15:00,375.0,153.0,11.2,4.23,,
32439d82-43ac-431e-bbda-d15df374af0d,botanical_garden,2026-02-06 17:30:00,375.2,153.2,11.2,4.23,,
aaa8bc7c-e6b2-4d17-8745-be6e9891cfa9,botanical_garden,2026-02-06 17:45:00,375.5,153.3,11.3,4.23,,
c47012fd-ad3a-4aef-9a7e-8a1e37ff4efd,botanical_garden,2026-02-06 18:00:00,375.7,153.3,11.4,4.23,,
66543063-0f4e-4c6d-9d69-80261ba62178,botanical_garden,2026-02-06 18:15:00,375.8,152.7,11.4,4.23,,
67921e39-86d8-4c20-98a9-8bbb863fd2eb,botanical_garden,2026-02-06 18:30:00,376.0,153.7,11.5,4.245,,
f88533c5-cefe-4ba1-90bc-2a4044409f94,botanical_garden,2026-02-06 18:45:00,376.2,153.3,11.6,4.245,,
943ebe2c-0bbc-4e1e-b418-81080b117bb3,botanical_garden,2026-02-06 19:00:00,376.3,153.7,11.7,4.23,,
f7620188-d248-4364-bb69-30b2dd9f613e,botanical_garden,2026-02-06 19:15:00,375.8,154.0,11.8,4.245,,
b111d59f-2b40-4c44-8b33-f8adfca20196,botanical_garden,2026-02-06 19:30:00,375.8,153.3,11.95,4.321,,
a318c7eb-0fce-4a5a-a636-4f75c2a1e6ec,botanical_garden,2026-02-06 19:45:00,374.8,153.2,12.1,4.336,,
5bd8c278-e6bf-4c5d-9d6b-3fb6c85d836e,botanical_garden,2026-02-06 20:00:00,375.2,153.7,12.3,4.336,,
cfbc9a7c-3030-40d5-8060-86eb9d038fe0,botanical_garden,2026-02-06 20:30:00,373.0,153.7,12.8,4.336,,
b6e6d535-9b75-42ff-82b6-b34090421786,botanical_garden,2026-02-06 21:00:00,372.7,154.2,13.1,4.336,,
f160e700-3104-42de-accd-9e135cd8fdd3,botanical_garden,2026-02-06 21:15:00,371.7,153.8,13.4,4.336,,
d77d2ad1-286b-4224-8e50-48438d1f3d9f,botanical_garden,2026-02-06 21:30:00,372.0,154.2,13.7,4.336,,
f06bfe62-1f04-4983-b4f9-a790db4d150f,botanical_garden,2026-02-06 21:45:00,371.8,155.0,13.9,4.336,,
49a7270f-0c44-420a-94b3-e5783b4e5721,botanical_garden,2026-02-06 22:00:00,371.0,154.7,14.0,4.336,,
381cfdd9-faf3-43d3-8486-64a249f90de7,botanical_garden,2026-02-06 22:15:00,372.0,156.7,14.1,4.321,,
9d8444a2-be4f-4860-b2d2-7b897d9ba2f6,botanical_garden,2026-02-06 22:30:00,371.8,154.8,14.1,4.336,,
eee04986-45cf-4f8b-887c-2447a0e377f4,botanical_garden,2026-02-06 22:45:00,372.2,155.2,14.1,4.336,,
77c6964e-2cbc-4c1c-b234-ff88fb851265,botanical_garden,2026-02-06 23:00:00,372.5,154.5,14.2,4.336,,
22791000-0627-46bc-9f1a-62b5ac920922,botanical_garden,2026-02-06 23:15:00,372.2,153.8,14.2,4.336,,
2fbd243a-b49e-4c17-8041-d8085e3d6d9f,botanical_garden,2026-02-06 23:30:00,372.8,153.8,14.2,4.336,,
a0d0bd02-ad8b-4912-acc1-18d1e900d6fa,botanical_garden,2026-02-06 23:45:00,373.0,154.3,14.1,4.336,,
ba4afb61-d9c0-457a-be3b-b177bd5d5cf1,botanical_garden,2026-02-07 00:00:00,374.3,154.7,14.1,4.336,,
cb1db6df-f6ae-461b-ba11-520b6e6fe2cd,botanical_garden,2026-02-07 00:15:00,374.8,156.0,14.0,4.336,,
24376416-fc31-4814-89cf-ff91c2381a59,botanical_garden,2026-02-07 00:30:00,376.3,155.2,14.0,4.336,,
b9ef5268-d60c-4d5e-a5f3-e4d997525d74,botanical_garden,2026-02-07 00:45:00,377.3,155.2,13.9,4.215,,
5d3d8d7f-f004-4fbc-8fc1-dce47162c01a,botanical_garden,2026-02-07 01:00:00,378.8,154.7,13.88,4.215,,
63055370-72ee-47eb-966f-034936fb8b2d,botanical_garden,2026-02-07 01:15:00,379.0,156.2,13.8,4.124,,
1f6d6646-407c-46e6-b287-428af93d077e,botanical_garden,2026-02-07 01:30:00,380.0,155.8,13.7,4.124,,
3961a908-2071-4345-87fd-bace5eb472f7,botanical_garden,2026-02-07 01:45:00,380.7,155.0,13.6,4.124,,
c29dc9f1-3df2-4e82-ae82-63c3c7729ab1,botanical_garden,2026-02-07 02:00:00,380.2,155.0,13.5,4.124,,
aa6c31cb-19b3-445d-9668-5b2a832b954d,botanical_garden,2026-02-07 02:15:00,380.3,154.8,13.4,4.124,,
38403624-5a1b-44b4-8511-3b4dc16f218e,botanical_garden,2026-02-07 02:30:00,380.0,155.0,13.27,4.124,,
60b55a91-c277-462e-9eb8-a8adea4b0178,botanical_garden,2026-02-07 02:45:00,379.2,155.3,13.1,4.124,,
2b2c04ac-4c4b-4d03-a6e5-468371517190,botanical_garden,2026-02-07 03:00:00,378.5,154.2,13.0,4.124,,
dab9a12a-d86d-4a18-bfc7-bff7781c2bdc,botanical_garden,2026-02-07 03:15:00,377.8,155.2,12.9,4.124,,
40237d24-e81e-41ef-b7c9-7593529cbbf3,botanical_garden,2026-02-07 03:30:00,377.7,154.7,12.8,4.124,,
0f9b6e39-739d-46c2-900e-2b9183edc036,botanical_garden,2026-02-07 03:45:00,377.0,154.7,12.7,4.124,,
f9b8d96a-7428-4543-b2be-7dda82fe6a78,botanical_garden,2026-02-07 04:00:00,376.8,154.3,12.6,4.124,,
74322f7d-82fd-42f5-9bd1-2c1b7c4f460e,botanical_garden,2026-02-07 04:15:00,377.0,153.8,12.5,4.124,,
99429168-7739-4312-aa26-923e9d1ec0b3,botanical_garden,2026-02-07 04:30:00,376.5,154.5,12.4,4.124,,
fda26492-125e-4e5c-afb2-3bb613cd6cd2,botanical_garden,2026-02-07 04:45:00,375.7,154.7,12.3,4.124,,
9d467a9d-54b1-41f7-94e4-f549612f8788,botanical_garden,2026-02-07 05:00:00,374.8,154.8,12.2,4.124,,
4a872403-6ad3-4423-9c35-61a41758688a,botanical_garden,2026-02-07 05:15:00,374.5,154.0,12.2,4.124,,
e885202a-1be9-4a0d-ab25-f430ad9790c5,botanical_garden,2026-02-07 05:30:00,374.0,154.3,12.1,4.124,,
738e87d8-d037-49aa-9e50-f56e23a65814,botanical_garden,2026-02-07 05:45:00,373.5,154.2,12.0,4.124,,
02b29ec5-8599-4f6e-bc45-c5744bc7f79b,botanical_garden,2026-02-07 06:00:00,374.3,153.0,11.92,4.124,,
4d2c31bc-3233-432c-b7b0-755f75a241ba,botanical_garden,2026-02-07 06:15:00,373.5,153.5,11.9,4.124,,
174a5bbc-9245-4e2a-89ae-90dc82e50b55,botanical_garden,2026-02-07 06:30:00,372.3,153.5,11.8,4.124,,
1108eb01-bdd3-45f5-81a7-2b564477d30f,botanical_garden,2026-02-07 06:45:00,373.3,154.0,11.8,4.124,,
85300fb9-9f83-4d06-9eec-311a65a635fe,botanical_garden,2026-02-07 07:00:00,373.5,152.5,11.7,4.124,,
d62ae494-58c9-4bb1-af61-0876ddc5ae54,botanical_garden,2026-02-07 07:15:00,373.2,153.0,11.7,4.124,,
9d7f9df4-330e-432c-aad1-a8e32e9e49c7,botanical_garden,2026-02-07 07:30:00,373.0,152.8,11.7,4.124,,
64acf6fa-cc79-45b0-b3ff-d5eb160e4cef,botanical_garden,2026-02-07 07:45:00,373.3,152.2,11.7,4.124,,
6580b855-a43c-490f-9774-827c19063696,botanical_garden,2026-02-07 08:00:00,372.8,152.8,11.7,4.124,,
aecf6188-d658-40e4-8117-7534530740d9,botanical_garden,2026-02-07 08:15:00,373.3,153.3,11.7,4.109,,
fea0cebb-f051-49d8-8c3f-0ddfeec4cf21,botanical_garden,2026-02-07 08:30:00,372.7,154.3,11.7,4.109,,
556d9047-5d46-4f8f-88de-194456895e31,botanical_garden,2026-02-07 08:45:00,372.7,154.0,11.7,4.109,,
245ff209-11b0-4785-a7fc-bfc6270907fe,botanical_garden,2026-02-07 09:00:00,372.3,154.2,11.7,4.109,,
1271f1ed-064c-4bae-88fa-20223bfeeb6e,botanical_garden,2026-02-07 09:15:00,372.0,154.5,11.7,4.109,,
785ba52c-ec18-407c-b599-4150131fec25,botanical_garden,2026-02-07 09:30:00,371.3,154.0,11.6,4.109,,
31163e94-5d87-42c7-9bf3-ad2a23d1ba57,botanical_garden,2026-02-07 09:45:00,370.8,153.7,11.5,4.109,,
97929eb2-acf5-440c-984c-49f633f21fbf,botanical_garden,2026-02-07 10:00:00,368.3,153.3,11.4,4.109,,
052ef32a-346c-4cb9-b416-978682e773f7,botanical_garden,2026-02-07 10:15:00,367.7,154.8,11.4,4.109,,
cadb60a1-decc-431b-8949-1165081621c5,botanical_garden,2026-02-07 10:30:00,368.0,153.8,11.3,4.109,,
8ef3b634-afd2-4573-b9a1-42421f21bb95,botanical_garden,2026-02-07 10:45:00,368.3,155.8,11.2,4.109,,
5b451ab0-9330-4e30-be73-733206234634,botanical_garden,2026-02-07 11:00:00,369.0,153.7,11.1,4.109,,
92285ba1-5cdf-462e-9861-c069bcd3cf94,botanical_garden,2026-02-07 11:15:00,368.7,156.0,11.0,4.109,,
bc5c0da1-3afe-460a-962c-1770abb467ae,botanical_garden,2026-02-07 11:30:00,368.5,154.8,11.0,4.109,,
ad4c1e24-2704-4429-8767-3dab99486d62,botanical_garden,2026-02-07 11:45:00,367.5,153.0,10.9,4.109,,
77e7ec9e-2238-486a-828f-765228ce9ec3,botanical_garden,2026-02-07 12:00:00,365.8,153.5,10.9,4.109,,
fc5a2b2b-ee78-4a13-a0eb-1604e9d4912b,botanical_garden,2026-02-07 12:15:00,365.2,153.0,11.0,4.109,,
f6fc0f3f-5caa-4490-a727-9c18f744b6eb,botanical_garden,2026-02-07 12:30:00,365.7,155.0,11.0,4.109,,
668273b9-8146-47f2-9661-4d8685bb380b,botanical_garden,2026-02-07 12:45:00,363.8,154.2,11.0,4.109,,
07344425-54e2-4943-b10c-273ecaace922,botanical_garden,2026-02-07 13:00:00,365.0,155.0,10.9,4.109,,
f3590fd6-be33-466f-961b-38aa7fbbcbdf,botanical_garden,2026-02-07 13:15:00,366.3,155.0,10.9,4.109,,
c3c2265e-9150-46c4-86f0-5e0899627796,botanical_garden,2026-02-07 13:30:00,365.7,155.0,10.9,4.109,,
bfd13b96-6d6a-489c-b8e6-95dbe6c52dc6,botanical_garden,2026-02-07 13:45:00,364.0,155.3,10.8,4.109,,
a8996e30-aa7c-4c4a-9fd7-32ad91189900,botanical_garden,2026-02-07 14:00:00,362.8,155.2,10.8,4.109,,
bc3b00e3-28b0-45ed-8392-5d24b047e2ce,botanical_garden,2026-02-07 14:15:00,362.2,154.8,10.8,4.109,,
f26be295-bbf2-4f6b-8056-b7804b3119f0,botanical_garden,2026-02-07 14:30:00,361.3,155.8,10.7,4.109,,
97e7c232-3dee-4425-bd9d-a7794bcae037,botanical_garden,2026-02-07 14:45:00,361.0,155.8,10.7,4.109,,
0f50aeda-8213-4a02-9214-7414ca0cc630,botanical_garden,2026-02-07 15:00:00,362.3,154.7,10.7,4.109,,
146778e5-6309-4438-a783-6f9ed5fa19ec,botanical_garden,2026-02-07 15:15:00,361.7,154.2,10.7,4.109,,
5847b880-2e6f-469e-bf96-5984b3d499bd,botanical_garden,2026-02-07 15:30:00,362.3,153.2,10.7,4.215,,
4ebe34ca-f5aa-44bc-a15a-910303d4efa4,botanical_garden,2026-02-07 15:45:00,363.3,153.0,10.7,4.215,,
2f64ef5b-1fca-41e7-ac0c-872374438617,botanical_garden,2026-02-07 16:00:00,364.3,152.5,10.8,4.215,,
8ac6c439-6966-4b9e-94b4-a6aee446253f,botanical_garden,2026-02-07 16:15:00,364.7,153.0,10.8,4.23,,
959f8889-9d05-4262-ba30-925bb4968f9d,botanical_garden,2026-02-07 16:30:00,364.7,154.0,10.8,4.215,,
c1b343ff-ea94-4a29-928d-548b8f76d83b,botanical_garden,2026-02-07 16:45:00,365.0,152.8,10.9,4.23,,
5a782f54-03da-4c14-9d12-18099b222d2c,botanical_garden,2026-02-07 17:00:00,364.8,153.3,10.9,4.23,,
b675f286-3e98-47a9-85ab-bb91db72f022,botanical_garden,2026-02-07 17:15:00,365.5,152.7,11.0,4.23,,
1a825ae5-b89d-4e0f-b53f-e5f7f6af3508,botanical_garden,2026-02-07 17:30:00,365.7,152.5,11.0,4.23,,
3cc61505-cb79-4534-8ff7-818b4ee0027f,botanical_garden,2026-02-07 17:45:00,366.7,154.2,11.1,4.23,,
265ea530-84ae-4ca6-9012-5409c3e1531e,botanical_garden,2026-02-07 18:00:00,367.0,153.8,11.2,4.23,,
33ad17f9-caff-4f28-8d89-d7e2b8dd1230,botanical_garden,2026-02-07 18:15:00,367.5,152.8,11.2,4.23,,
a16a85dd-5836-4da0-8f8a-ef814b37bc2b,botanical_garden,2026-02-07 18:30:00,368.0,154.2,11.3,4.23,,
e71e3112-d715-4748-ac68-e7d29a0fc3b5,botanical_garden,2026-02-07 18:45:00,367.8,153.8,11.4,4.23,,
23faae85-f51b-435c-b71d-96eb2360af52,botanical_garden,2026-02-07 19:00:00,368.8,153.2,11.5,4.336,,
8dd767ea-4298-4790-879b-a6a41526c4c1,botanical_garden,2026-02-07 19:15:00,369.0,153.5,11.6,4.336,,
ba26180c-acc1-4c93-be37-c15d428fa146,botanical_garden,2026-02-07 19:30:00,369.0,155.2,11.7,4.336,,
6ac34607-60bd-49e8-b67b-1e5f77093b44,botanical_garden,2026-02-07 19:45:00,369.5,152.7,11.9,4.336,,
3efe6b90-f2ea-4b57-9340-3030265d3f1c,botanical_garden,2026-02-07 20:00:00,369.0,153.8,12.0,4.336,,
23dd80da-435f-4945-908e-b5713755e930,botanical_garden,2026-02-07 20:15:00,370.5,153.8,12.3,4.336,,
1a35cd4e-0b43-41b3-a59b-969c5a0655b8,botanical_garden,2026-02-07 20:30:00,369.5,155.2,12.6,4.336,,
3596ca16-3bfd-4f5e-8776-fed33d38c8ef,botanical_garden,2026-02-07 20:45:00,369.2,154.5,12.8,4.336,,
ffff42e1-35b5-4825-81aa-2ee3ff12623d,botanical_garden,2026-02-07 21:00:00,369.3,154.2,13.0,4.336,,
858e6214-bc50-4806-acd8-b9fd520ae31e,botanical_garden,2026-02-07 21:15:00,369.5,153.8,13.3,4.336,,
38d38677-a720-4d57-ba90-8616d9aeb49d,botanical_garden,2026-02-07 21:30:00,369.8,154.5,13.5,4.336,,
bb390a3f-42f7-420b-80ed-24e74b7c30f8,botanical_garden,2026-02-07 21:45:00,369.3,156.2,13.6,4.321,,
12962b96-48f6-4a9f-ac8c-771a029dd5a4,botanical_garden,2026-02-07 22:00:00,369.5,155.0,13.7,4.336,,
489dff49-7217-4a7a-a83f-046eb0d8c34b,botanical_garden,2026-02-07 22:15:00,370.2,155.7,13.8,4.336,,
b2c4535f-471b-4d6f-b35a-d8d763e89d3a,botanical_garden,2026-02-07 22:30:00,370.2,154.5,13.8,4.336,,
cd7fa3b4-4878-4d9a-ba2c-e5a54e57f3d8,botanical_garden,2026-02-07 22:45:00,370.5,154.8,13.8,4.321,,
305fd772-96b1-4cb7-a10a-228cddb9b993,botanical_garden,2026-02-07 23:00:00,370.7,154.2,13.7,4.336,,
5ace5d8e-b12a-4131-82fd-b5729bfbd5a1,botanical_garden,2026-02-07 23:15:00,371.3,155.5,13.7,4.321,,
fff91682-4b3d-40d9-9cc3-2562cd6822c3,botanical_garden,2026-02-07 23:30:00,371.2,155.8,13.7,4.336,,
55e13876-05b4-4540-9fce-05b3c0ca0dae,botanical_garden,2026-02-07 23:45:00,371.2,154.7,13.6,4.336,,
034a466e-03cb-4320-8c73-b0dcacf9bbc8,botanical_garden,2026-02-08 00:00:00,371.8,153.8,13.6,4.321,,
34b2d77a-8d4f-43d5-91bc-1cee6bc2735a,botanical_garden,2026-02-08 00:15:00,371.8,153.0,13.6,4.336,,
1d5a16e6-8e39-471b-ae7c-ba6aafaa0f61,botanical_garden,2026-02-08 00:30:00,371.7,154.3,13.6,4.336,,
4258a840-291e-4670-9ee8-06233271a489,botanical_garden,2026-02-08 00:45:00,372.2,154.8,13.5,4.23,,
3a2844dd-8db9-4b0a-a659-ec7afa0fc4e5,botanical_garden,2026-02-08 01:00:00,373.0,154.0,13.5,4.124,,
b382d8d1-855e-41a0-96f8-7b1333100e5f,botanical_garden,2026-02-08 01:15:00,372.5,153.2,13.4,4.124,,
bd0aef99-c57b-4dc7-9486-29e8cad96d08,botanical_garden,2026-02-08 01:30:00,372.8,153.3,13.4,4.124,,
5e656fb2-9dde-44c3-8147-e8dc10221e63,botanical_garden,2026-02-08 01:45:00,374.2,153.3,13.3,4.124,,
13d05b3a-0be9-45e7-9811-244a1840ad1b,botanical_garden,2026-02-08 02:00:00,374.3,154.0,13.2,4.124,,
6d6499ef-47ab-457f-980c-2e22af136a22,botanical_garden,2026-02-08 02:15:00,374.3,155.2,13.1,4.124,,
8aeaf01e-8c73-40b9-9554-98748623a0d1,botanical_garden,2026-02-08 02:30:00,374.2,154.0,12.9,4.124,,
8847cabe-97fc-447f-aa61-eea2cff3858f,botanical_garden,2026-02-08 02:45:00,374.2,153.5,12.8,4.124,,
bb06a940-772e-43e9-a044-06ae40e6a390,botanical_garden,2026-02-08 03:00:00,374.3,153.2,12.7,4.124,,
a07f5711-99dd-4cbb-a6ef-6f04e7e82529,botanical_garden,2026-02-08 03:15:00,374.3,152.8,12.5,4.124,,
47b73b14-c9dc-46b8-ba3b-452dd75e0f8e,botanical_garden,2026-02-08 03:30:00,374.0,152.8,12.4,4.124,,
f2a78af6-b08f-4c65-b1c6-cc3f194bd8ba,botanical_garden,2026-02-08 03:45:00,374.0,152.0,12.3,4.124,,
7c8b5a51-263f-472f-81e2-8f9dc387a3bf,botanical_garden,2026-02-08 04:00:00,374.0,152.3,12.2,4.124,,
8c553832-9494-4d83-b224-d666ce6d3e25,botanical_garden,2026-02-08 04:15:00,374.2,153.5,12.1,4.124,,
5e738df1-e9f7-493f-8c0b-2b92c2122735,botanical_garden,2026-02-08 04:30:00,372.8,153.5,12.0,4.124,,
70a27ee3-55bf-4bb0-aee9-7d0776ad1fec,botanical_garden,2026-02-08 04:45:00,373.5,153.5,11.9,4.109,,
a30dbab3-26c1-4312-b3c8-e6dc0ff67840,botanical_garden,2026-02-08 05:00:00,373.3,153.7,11.9,4.124,,
56cd61d4-f72e-4617-b0e0-23f78978116e,botanical_garden,2026-02-08 05:15:00,373.3,152.7,11.8,4.124,,
9842f72c-6474-4278-9193-886941ec7558,botanical_garden,2026-02-08 05:30:00,373.0,152.0,11.77,4.124,,
b39b6069-e39f-41be-bb62-f0664b37dac4,botanical_garden,2026-02-08 05:45:00,373.3,151.2,11.7,4.124,,
d3e64a96-8ccb-48fc-b8db-6022231db2b0,botanical_garden,2026-02-08 06:00:00,373.5,150.0,11.6,4.124,,
cd3a276f-dac2-4175-bddb-9a3ebacac0fa,botanical_garden,2026-02-08 06:15:00,373.8,150.8,11.6,4.124,,
5e2999e2-d438-4f29-84f2-7708df06f25f,botanical_garden,2026-02-08 06:30:00,373.2,150.2,11.5,4.124,,
789eadd8-e513-4097-9946-9a2529304f7b,botanical_garden,2026-02-08 06:45:00,372.8,150.3,11.5,4.124,,
85882409-865f-4b47-bac6-f3b41d455334,botanical_garden,2026-02-08 07:00:00,373.2,150.3,11.4,4.124,,
6dd37a31-688b-4dd8-8d09-3147a3e83c23,botanical_garden,2026-02-08 07:15:00,373.3,150.0,11.4,4.124,,
2ff439d9-3a6b-482f-a202-48e98d089750,botanical_garden,2026-02-08 07:30:00,373.2,150.5,11.3,4.124,,
e3b3cd55-80ca-43bd-9f05-0e3636075e76,botanical_garden,2026-02-08 07:45:00,373.0,149.7,11.3,4.124,,
2211974d-4b43-49f5-a107-df5127b07317,botanical_garden,2026-02-08 08:00:00,373.0,150.7,11.2,4.124,,
65d28aa2-7ace-4652-a79a-14ba772456a1,botanical_garden,2026-02-08 08:15:00,373.2,152.0,11.2,4.124,,
b396b430-e703-44cb-aa4f-625495f54fbf,botanical_garden,2026-02-08 08:30:00,372.8,151.0,11.2,4.124,,
aee8d136-19fa-42c5-a638-4b9138485d31,botanical_garden,2026-02-08 08:45:00,373.2,152.0,11.1,4.109,,
4f0b407a-bd2b-4114-9733-770dd9fd035e,botanical_garden,2026-02-08 09:00:00,373.0,151.2,11.1,4.124,,
5d471faf-5ab9-4d4e-bfb2-985446f5ee26,botanical_garden,2026-02-08 09:15:00,373.0,151.0,11.1,4.124,,
f3e41813-3651-4dea-8c96-690ba2aa3dd3,botanical_garden,2026-02-08 09:30:00,373.2,150.8,11.0,4.124,,
77bc0f66-e3e0-4f49-b093-7d3438bc3d96,botanical_garden,2026-02-08 09:45:00,373.2,151.0,11.0,4.124,,
883591a6-da62-4558-a663-ca08da4bb3f8,botanical_garden,2026-02-08 10:00:00,373.5,151.2,11.0,4.109,,
99b5e452-35b6-4af1-9f2a-51a1486a285d,botanical_garden,2026-02-08 10:15:00,374.2,151.7,10.9,4.109,,
23b50437-41d3-4602-8d96-13477afb6cf0,botanical_garden,2026-02-08 10:30:00,374.0,151.2,10.9,4.109,,
c24d4ea7-8236-4bba-a5a6-af150facf68f,botanical_garden,2026-02-08 10:45:00,373.8,151.8,10.9,4.109,,
46bc0c0a-3cc9-42c2-a3d9-5fef5f011e3a,botanical_garden,2026-02-08 11:00:00,374.3,151.7,10.8,4.124,,
97e58bb2-ef2f-4372-959b-22477808f1af,botanical_garden,2026-02-08 11:15:00,374.3,150.3,10.8,4.124,,
1117ac25-1a71-4881-8a78-913aac70bd21,botanical_garden,2026-02-08 11:30:00,374.0,150.7,10.8,4.124,,
84e5afc4-438c-4ff5-b63c-f1f02415156a,botanical_garden,2026-02-08 11:45:00,374.0,151.3,10.8,4.109,,
08aeaaa8-4c4e-4230-bc69-b89101204724,botanical_garden,2026-02-08 12:00:00,373.8,152.0,10.7,4.109,,
1e4dd6e5-0758-4651-afbb-77df5541b639,botanical_garden,2026-02-08 12:15:00,374.5,151.2,10.7,4.109,,
c6fdf5a2-1ded-41b9-aa1d-24f7d93c36cf,botanical_garden,2026-02-08 12:30:00,374.3,151.0,10.7,4.124,,
c099daec-cd3f-4aa1-8e78-6ec5ccf64b8d,botanical_garden,2026-02-08 12:45:00,374.3,150.7,10.7,4.109,,
a53f5135-b451-4c93-b980-e30ca710e4a3,botanical_garden,2026-02-08 13:00:00,374.0,150.8,10.7,4.109,,
df8c3048-411d-4bef-bc43-dce652c3ebe5,botanical_garden,2026-02-08 13:15:00,374.5,150.3,10.7,4.109,,
5a272ba9-5413-484e-8bcf-7829f5389f5d,botanical_garden,2026-02-08 13:30:00,374.2,150.5,10.6,4.094,,
e6fbc6f2-c7b5-43e1-a1e1-94618bd0bbad,botanical_garden,2026-02-08 13:45:00,373.5,151.7,10.6,4.109,,
1fceca5f-14fd-4678-81ca-2e5202848ee9,botanical_garden,2026-02-08 14:00:00,373.7,149.7,10.6,4.109,,
5022a76d-04ac-480c-8aa9-aa8963cc8df8,botanical_garden,2026-02-08 14:15:00,374.2,151.0,10.6,4.109,,
47ed8052-47b6-441e-8431-f58dc531eeda,botanical_garden,2026-02-08 14:30:00,374.3,150.5,10.6,4.109,,
a32f1378-8d23-4fdb-aad3-3928ca7ca060,botanical_garden,2026-02-08 14:45:00,374.2,149.8,10.5,4.109,,
60f2e034-10d8-4c04-a8f6-d531ca89d901,botanical_garden,2026-02-08 15:00:00,374.3,150.2,10.5,4.109,,
8761fb2c-f7b4-4fc8-ad43-d48a4727d46d,botanical_garden,2026-02-08 15:15:00,374.2,149.7,10.5,4.109,,
32194b4f-2a41-4b82-a3d3-c3082953849f,botanical_garden,2026-02-08 15:30:00,374.3,150.0,10.5,4.109,,
67c2876c-1f5a-45e0-9724-a37c4c1fc4de,botanical_garden,2026-02-08 15:45:00,374.7,150.0,10.5,4.109,,
742ed8a9-3a7e-486c-840e-969049420345,botanical_garden,2026-02-08 16:00:00,374.5,149.7,10.45,4.109,,
f807dfa7-9716-4189-a71d-240c758a6b10,botanical_garden,2026-02-08 16:15:00,374.7,150.8,10.4,4.124,,
09212e93-7a22-4f03-af92-f85e871b6e69,botanical_garden,2026-02-08 16:30:00,374.3,150.0,10.4,4.215,,
8d7bd49b-aff1-4f9f-96aa-6fc28fe1242d,botanical_garden,2026-02-08 16:45:00,374.3,150.8,10.4,4.215,,
944f02f2-dddd-4473-be21-e3b5095a2737,botanical_garden,2026-02-08 17:00:00,374.0,149.5,10.5,4.23,,
62b170db-4ca3-4699-8a65-b8e9be146a63,botanical_garden,2026-02-08 17:15:00,374.2,150.2,10.5,4.23,,
423b63e1-c9c5-441d-88f9-73f67c897f1e,botanical_garden,2026-02-08 17:30:00,374.2,149.7,10.5,4.23,,
9b9addc8-055a-4b05-b898-1f178383edd4,botanical_garden,2026-02-08 17:45:00,374.0,150.8,10.6,4.23,,
b43aa176-37fb-4438-8eda-c839b547b379,botanical_garden,2026-02-08 18:00:00,373.7,150.7,10.7,4.23,,
7fc0f480-bfce-4891-bd72-9a8c8306a058,botanical_garden,2026-02-08 18:15:00,373.7,151.3,10.8,4.23,,
c39b41d6-5954-4ba9-95a0-c9e79d37d298,botanical_garden,2026-02-08 18:30:00,373.8,151.0,10.9,4.23,,
a9dd5acd-4cc2-45b5-9842-affdeffef915,botanical_garden,2026-02-08 18:45:00,373.7,151.0,11.0,4.23,,
6215d0d6-6868-43a7-8461-50ad69043a29,botanical_garden,2026-02-08 19:00:00,373.5,151.0,11.1,4.23,,
f182b8ff-eb5d-41c9-9334-00abf1a48693,botanical_garden,2026-02-08 19:15:00,373.5,150.0,11.2,4.23,,
c7c7b68a-d50d-4f1e-8dd2-21a1b7b87e7f,botanical_garden,2026-02-08 19:30:00,373.3,149.8,11.4,4.321,,
5116a5fb-09fb-43ec-a8d3-d90a0b58f5cd,botanical_garden,2026-02-08 19:45:00,373.2,150.0,11.6,4.336,,
a0a70cc6-bd9b-4fa5-9dd8-d89525d3f850,botanical_garden,2026-02-08 20:00:00,372.3,150.5,11.8,4.321,,
42ad56a8-c930-4c5f-ba67-2f395ce01bc5,botanical_garden,2026-02-08 20:15:00,372.5,150.2,12.0,4.321,,
62886e18-b619-4684-8751-eb344192f93a,botanical_garden,2026-02-08 20:30:00,372.8,149.7,12.3,4.336,,
7dbb254d-93a2-445c-9874-cace668f5955,botanical_garden,2026-02-08 20:45:00,373.3,149.3,12.5,4.336,,
52de6723-20eb-49ca-8553-dc933878b2b6,botanical_garden,2026-02-08 21:00:00,372.5,150.3,12.8,4.336,,
05b7b00c-9439-4f35-b206-a704ddb17056,botanical_garden,2026-02-08 21:15:00,373.5,152.0,13.1,4.336,,
1a0d2602-af59-4053-a545-c11a2dbdc804,botanical_garden,2026-02-08 21:30:00,374.0,153.2,13.4,4.321,,
624031cd-bfdd-4d7c-b665-0a96987453b9,botanical_garden,2026-02-08 21:45:00,374.0,152.5,13.7,4.336,,
bb06ee3a-a29c-4fdf-8eed-4751aadd2bae,botanical_garden,2026-02-08 22:00:00,374.3,152.0,13.9,4.336,,
f8f04ec5-643f-4e77-96c5-481f232d169a,botanical_garden,2026-02-08 22:15:00,374.7,152.2,14.0,4.336,,
a5f5068c-2105-4835-bd27-ee1e7947f76e,botanical_garden,2026-02-08 22:30:00,375.8,151.8,14.0,4.336,,
334a24b1-2277-49d4-90c2-ca9221ee7e3e,botanical_garden,2026-02-08 22:45:00,376.0,152.3,14.1,4.336,,
6c8b1da5-5da0-41c6-87f5-b9ff43ee0c68,botanical_garden,2026-02-08 23:00:00,376.7,152.5,14.1,4.336,,
5f4660ae-3728-4285-ac20-010628bf262f,botanical_garden,2026-02-08 23:15:00,377.0,153.5,14.0,4.321,,
31cb97fe-94d3-44ff-8b1e-b7ff9802bf81,botanical_garden,2026-02-08 23:30:00,376.8,153.3,14.0,4.23,,
d1f74c2c-5e27-4666-8d90-5505d4548614,botanical_garden,2026-02-08 23:45:00,376.5,152.5,13.9,4.215,,
78f11f4d-ac48-4fc9-97c7-00dc0564af76,botanical_garden,2026-02-09 00:00:00,376.5,151.8,13.8,4.23,,
35830bd5-7c70-456a-98cf-d5fb5f15bc18,botanical_garden,2026-02-09 00:15:00,376.8,152.8,13.7,4.336,,
bf277e2b-3a2d-4028-a70d-634b75e7bcfa,botanical_garden,2026-02-09 00:30:00,377.0,152.3,13.6,4.321,,
020393cb-3b9f-4fc8-aa67-9f758c4cbc1c,botanical_garden,2026-02-09 00:45:00,376.7,151.5,13.5,4.124,,
f7817eb6-b27d-4d91-97d0-b1762907bd79,botanical_garden,2026-02-09 01:00:00,376.2,152.8,13.5,4.124,,
1c291ea5-2e76-4e4c-81e9-85a4a2451560,botanical_garden,2026-02-09 01:15:00,376.3,152.5,13.4,4.139,,
ce67db68-6c53-405a-9b9f-580b49ad2fbe,botanical_garden,2026-02-09 01:30:00,376.0,152.0,13.3,4.124,,
279e6b11-3e46-49b6-823a-5b9f1bbbffa0,botanical_garden,2026-02-09 01:45:00,375.8,151.8,13.3,4.124,,
dd339d80-86ed-45eb-a265-657f23e9126e,botanical_garden,2026-02-09 02:00:00,376.3,152.3,13.2,4.124,,
3c49da75-43ea-440e-97c6-e1520c7a2001,botanical_garden,2026-02-09 02:15:00,377.3,149.8,13.2,4.124,,
a35cdce7-4009-4285-9fca-36d2bbbcb949,botanical_garden,2026-02-09 02:30:00,377.5,148.5,13.1,4.124,,
15c012eb-f70e-46e8-af63-84fe228471ab,botanical_garden,2026-02-09 02:45:00,378.5,147.8,13.1,4.124,,
622cd230-9d32-41b9-88c5-97f505e75006,botanical_garden,2026-02-09 03:00:00,379.3,145.3,13.1,4.124,,
b9cbb3c6-cde2-4d25-aa04-ca6b8606b213,botanical_garden,2026-02-09 03:15:00,379.5,146.3,13.1,4.124,,
46525f0f-01bc-4e0e-93df-e98d3a5ced63,botanical_garden,2026-02-09 03:30:00,379.3,146.2,13.0,4.124,,
21c98d40-c515-4df1-9ebc-727d501ac23d,botanical_garden,2026-02-09 03:45:00,380.7,144.0,13.0,4.124,,
2234a26b-a7ff-42b8-a1d8-f6565816bd7f,botanical_garden,2026-02-09 04:00:00,383.0,145.5,13.0,4.124,,
aed9889a-b8f1-4055-8898-a8941bc8bb9e,botanical_garden,2026-02-09 04:15:00,383.2,145.5,13.0,4.124,,
134bb388-3c2e-425b-9c75-633e7246fcb2,botanical_garden,2026-02-09 04:30:00,384.0,144.2,13.0,4.124,,
5b595216-3cda-4ac9-be19-994d50fa3834,botanical_garden,2026-02-09 04:45:00,385.5,142.7,12.9,4.124,,
58f2389f-b3ea-411e-b2ee-ecca5fee7783,botanical_garden,2026-02-09 05:00:00,387.0,144.5,12.9,4.124,,
39f9d031-c60d-4433-a870-5708067e1a49,botanical_garden,2026-02-09 05:15:00,389.7,144.0,12.9,4.124,,
eefc65d5-f9c9-4f92-9a25-a83712a6b1bc,botanical_garden,2026-02-09 05:30:00,392.0,145.0,12.8,4.124,,
35df461a-04a9-4379-b40d-20e0fbc07e44,botanical_garden,2026-02-09 05:45:00,394.5,144.5,12.8,4.124,,
349befed-1ba7-4c21-b721-a198a32e93d5,botanical_garden,2026-02-09 06:00:00,397.0,144.2,12.7,4.124,,
7ffde2a9-965c-42e8-8dff-3c730b01aff2,botanical_garden,2026-02-09 06:15:00,399.7,145.2,12.6,4.124,,
b9e74c06-8909-4758-bf32-ee6d75c85028,botanical_garden,2026-02-09 06:30:00,404.2,143.8,12.6,4.124,,
f8c8678f-30e8-4b12-ac40-a9380e313ce0,botanical_garden,2026-02-09 06:45:00,407.8,143.2,12.5,4.124,,
47226c2b-3b79-45a8-b7a0-c4e0df5ab037,botanical_garden,2026-02-09 07:00:00,411.7,144.0,12.5,4.109,,
8a6d9a27-d397-454b-b26e-149215d19ab0,botanical_garden,2026-02-09 07:15:00,416.0,142.8,12.5,4.109,,
50b5effd-150a-4093-bb31-fca1ff25853c,botanical_garden,2026-02-09 07:30:00,421.3,143.5,12.45,4.124,,
a48bebcf-8b06-4514-b2e7-367d4cc65818,botanical_garden,2026-02-09 07:45:00,427.3,142.3,12.4,4.109,,
06d6d92c-4452-4850-b738-c5984adea573,botanical_garden,2026-02-09 08:00:00,432.2,143.3,12.4,4.109,,
acf91821-523d-4129-a96a-7cc3bdee5bae,botanical_garden,2026-02-09 08:15:00,438.0,142.3,12.4,4.124,,
4af7b662-a1df-4dd2-8dad-f2730d8641bb,botanical_garden,2026-02-09 08:30:00,443.8,142.2,12.4,4.124,,
a654cbf3-780b-4423-81cc-65673c132632,botanical_garden,2026-02-09 08:45:00,450.7,143.2,12.3,4.109,,
1367ce23-fe24-4cd8-b3ab-0bc2fd6c240f,botanical_garden,2026-02-09 09:00:00,457.2,143.2,12.2,4.109,,
06da081c-d949-4350-bfdb-cc0cdeccd73c,botanical_garden,2026-02-09 09:15:00,464.3,141.3,12.2,4.109,,
41e09662-871a-4fcd-887a-bc9f993a3d8c,botanical_garden,2026-02-09 09:30:00,471.3,142.7,12.1,4.109,,
930a1ec1-1e87-4671-a081-061c07d9b2bf,botanical_garden,2026-02-09 09:45:00,478.5,143.0,12.0,4.109,,
3dd7ed52-202d-4ab7-a2e5-02b396484992,botanical_garden,2026-02-09 10:00:00,486.3,142.2,12.0,4.124,,
e4602cb6-6eea-449b-8f6a-1be9ef35eeb4,botanical_garden,2026-02-09 10:15:00,494.3,142.0,11.9,4.109,,
1bbce156-e044-45db-b294-603b0b935766,botanical_garden,2026-02-09 10:30:00,504.3,142.5,11.9,4.109,,
2e627f6c-05fd-4768-885e-6ea9ba0e2042,botanical_garden,2026-02-09 10:45:00,515.2,144.2,11.9,4.109,,
dae5e749-ef75-4705-8b90-81a6841ae7be,botanical_garden,2026-02-09 11:00:00,524.0,142.7,11.8,4.109,,
3fc595df-883a-4a8b-9b39-f29ae44eb762,botanical_garden,2026-02-09 11:15:00,533.7,142.0,11.7,4.109,,
33db0565-edac-4639-a5d2-efe5074e6678,botanical_garden,2026-02-09 11:30:00,544.2,141.2,11.7,4.109,,
11fb275d-556f-4100-9a74-639b82f64399,botanical_garden,2026-02-09 11:45:00,552.5,142.0,11.7,4.109,,
c880589c-e5c4-4769-915f-48864994da67,botanical_garden,2026-02-09 12:00:00,562.0,142.8,11.6,4.109,,
f7df940d-9ff9-4a97-a64a-38bbaea54887,botanical_garden,2026-02-09 12:15:00,575.7,143.0,11.6,4.109,,
a385512f-3f7d-4ad7-915e-102d5fed932b,botanical_garden,2026-02-09 12:30:00,581.2,142.2,11.5,4.109,,
f7240124-b5a5-4ea4-8f08-1cecb69b8fdd,botanical_garden,2026-02-09 12:45:00,587.5,142.3,11.5,4.109,,
551a6879-3d94-4fc1-8df7-04d5a8ad8e85,botanical_garden,2026-02-09 13:00:00,594.7,143.0,11.4,4.109,,
c001b816-69e1-45d5-9a90-735552fd41f6,botanical_garden,2026-02-09 13:15:00,599.2,141.8,11.4,4.109,,
b9a8461b-17f6-4f55-a139-c50d5692db02,botanical_garden,2026-02-09 13:30:00,605.2,141.2,11.4,4.109,,
13ac887e-0f15-4e09-8db2-d6b178b9fd6b,botanical_garden,2026-02-09 13:45:00,609.8,142.8,11.3,4.109,,
886de149-def7-4e2b-a809-5cb045ca200a,botanical_garden,2026-02-09 14:00:00,612.8,142.2,11.3,4.109,,
0d0ef003-ae53-4f30-9ee8-13116cfdaef3,botanical_garden,2026-02-09 14:15:00,618.2,142.5,11.2,4.109,,
e1ab5bc6-ef4c-4f07-b4a0-0f38064ea5aa,botanical_garden,2026-02-09 14:30:00,623.0,144.7,11.2,4.109,,
1b60daa4-30fc-43b4-92a3-13c5fade90cb,botanical_garden,2026-02-09 14:45:00,621.5,143.5,11.1,4.109,,
5ded8dc3-4e48-4d87-878d-f20289668597,botanical_garden,2026-02-09 15:00:00,626.0,144.2,11.1,4.109,,
0966ba2d-337e-4873-bf7e-cdb30f969edc,botanical_garden,2026-02-09 15:15:00,629.5,145.2,11.0,4.109,,
624df14e-3e06-4f0a-80ce-a29bce231bde,botanical_garden,2026-02-09 15:30:00,632.0,143.8,11.0,4.109,,
d1e51a65-3799-45bb-862f-dfb518c7fe2a,botanical_garden,2026-02-09 15:45:00,634.5,142.5,10.9,4.215,,
8310e115-858f-45ca-b1e6-0ecb9a3c2976,botanical_garden,2026-02-09 16:00:00,636.2,142.3,10.9,4.215,,
cf455508-846a-4af1-bc29-40f4b2c855bc,botanical_garden,2026-02-09 16:15:00,638.7,141.5,10.9,4.23,,
5b79792f-2121-42c9-81ff-8c0d0bf7b5ba,botanical_garden,2026-02-09 16:30:00,640.5,141.5,10.9,4.23,,
707e446b-94ef-46d3-be4c-df2e3cf76fee,botanical_garden,2026-02-09 17:00:00,642.2,146.3,11.0,4.23,,
a1d708f4-3f39-4021-b359-6b55909364ce,botanical_garden,2026-02-09 17:15:00,643.8,148.3,11.0,4.23,,
049d2f16-9398-4a5f-a7f9-ef626bdce5b2,botanical_garden,2026-02-09 17:30:00,644.5,148.3,11.1,4.23,,
06aa59a2-65c2-47fd-a202-b650e47b3440,botanical_garden,2026-02-09 17:45:00,646.0,149.3,11.15,4.23,,
93d54fa2-66ad-4303-be2f-f9730b28d385,botanical_garden,2026-02-09 18:00:00,647.5,150.2,11.2,4.336,,
2137387c-94a1-407f-bca8-56103db1f419,botanical_garden,2026-02-09 18:15:00,648.0,151.3,11.3,4.336,,
f75c8bbf-b12f-4fef-8d90-60bb4df0ab16,botanical_garden,2026-02-09 18:30:00,628.7,150.3,11.4,4.321,,
e54b3045-3099-42fc-a26b-7c28167ea0c7,botanical_garden,2026-02-09 18:45:00,590.3,151.3,11.5,4.336,,
23d5e94c-f7db-4831-88f3-1fbca11da169,botanical_garden,2026-02-09 19:00:00,560.0,153.2,11.6,4.336,,
daf26552-8f3e-41f8-8b67-b11f7048cd23,botanical_garden,2026-02-09 19:15:00,530.5,151.8,11.7,4.321,,
8aed7329-3f30-4e5b-9fd5-7f6ef6a8633d,botanical_garden,2026-02-09 19:30:00,501.7,151.8,11.8,4.336,,
f8c671c9-1766-4c9d-b37b-ecc48544f1f0,botanical_garden,2026-02-09 19:45:00,477.8,152.8,11.9,4.336,,
7c5d7c5d-5333-4d60-89e1-6e7cbc4fb6de,botanical_garden,2026-02-09 20:00:00,464.5,152.5,12.0,4.336,,
e67231b6-5037-42a0-bc16-cf36ac68c00e,botanical_garden,2026-02-09 20:15:00,450.0,152.3,12.1,4.321,,
31106e40-65e3-4f62-aa03-8d67738a8e43,botanical_garden,2026-02-09 20:30:00,439.5,151.7,12.2,4.336,,
95ef243a-45c8-4756-af9b-dbf983dc4a66,botanical_garden,2026-02-09 20:45:00,432.5,152.5,12.2,4.336,,
c748e439-3dab-4ff8-b568-3b9a450cde97,botanical_garden,2026-02-09 21:00:00,426.2,152.2,12.3,4.336,,
2953055b-1689-4fb8-ac56-5cd2d66059ac,botanical_garden,2026-02-09 21:15:00,422.0,153.5,12.3,4.336,,
a88c16f5-fc7c-4b2a-ab91-8acb0e49c1c9,botanical_garden,2026-02-09 21:30:00,419.5,153.3,12.4,4.336,,
f6904a6d-c90e-4cab-868e-ea255964fb1b,botanical_garden,2026-02-09 21:45:00,417.5,153.0,12.42,4.336,,
89963b2b-7375-4dd7-86df-6f8e85ad8197,botanical_garden,2026-02-09 22:00:00,415.0,152.8,12.5,4.336,,
84d210db-b040-4caa-af1e-af04c916070a,botanical_garden,2026-02-09 22:15:00,411.8,151.2,12.6,4.336,,
ebe4033b-df62-414c-9c31-fd653e5bceff,botanical_garden,2026-02-09 22:30:00,411.5,152.7,12.7,4.336,,
74dff53f-ea57-4259-b995-04c261e58636,botanical_garden,2026-02-09 22:45:00,408.3,152.8,12.8,4.336,,
d07d0190-32e8-420e-a9be-5ecdd50c15d6,botanical_garden,2026-02-09 23:00:00,406.2,152.3,12.8,4.336,,
7cda34f2-3302-4abe-8c0b-b778652e6cbf,botanical_garden,2026-02-09 23:15:00,404.7,152.8,12.8,4.336,,
35aceeb9-0b87-4301-b2be-ec364e74c289,botanical_garden,2026-02-09 23:30:00,403.0,153.0,12.9,4.336,,
b3d2d568-c7fa-48f0-8118-53246fbff63b,botanical_garden,2026-02-09 23:45:00,403.0,151.8,12.9,4.321,,
0799a521-92ba-43dd-8a38-690dc2f6290f,botanical_garden,2026-02-10 00:00:00,401.2,152.0,12.8,4.23,,
8181b3ab-e570-47d4-af4e-592c0492ec4a,botanical_garden,2026-02-10 00:15:00,399.3,151.7,12.8,4.336,,
6f46aa97-d214-4b64-a725-f15b60971df8,botanical_garden,2026-02-10 00:30:00,398.2,151.5,12.8,4.215,,
788809e1-fcac-417d-bc78-0dd5e285beac,botanical_garden,2026-02-10 00:45:00,398.3,151.7,12.8,4.124,,
793012ae-9f9b-4fe8-944c-7c081188416c,botanical_garden,2026-02-10 01:00:00,397.8,151.8,12.7,4.124,,
5b9991f9-6912-481a-bb62-66d79e8c5ef1,botanical_garden,2026-02-10 01:15:00,397.2,151.3,12.7,4.124,,
60b131ed-6d79-48fa-bf74-bfd421daead7,botanical_garden,2026-02-10 01:30:00,397.5,152.5,12.6,4.124,,
5cbd1733-883d-4202-a1ce-02ded3d4a23f,botanical_garden,2026-02-10 01:45:00,398.0,150.5,12.5,4.124,,
5ac95c9b-0b6b-466a-aab6-6a33b7691f9a,botanical_garden,2026-02-10 02:00:00,398.3,151.2,12.5,4.124,,
b7902ae9-433e-4cf5-aca5-04cf1b2de319,botanical_garden,2026-02-10 02:15:00,399.2,149.0,12.4,4.124,,
232a0d7e-c55c-47cf-a721-d222588db5cb,botanical_garden,2026-02-10 02:30:00,399.3,149.2,12.3,4.124,,
d271d485-9bf3-4fdf-a3ec-63eca24aca4f,botanical_garden,2026-02-10 02:45:00,399.8,147.5,12.2,4.124,,
2376177b-944b-49d6-bf4a-e19bd8a8fa33,botanical_garden,2026-02-10 03:00:00,400.0,146.8,12.2,4.124,,
8f2bb339-8300-4f41-b555-78e66b1defc7,botanical_garden,2026-02-10 03:15:00,400.2,146.2,12.1,4.124,,
4818eed6-d9e8-45fd-95df-4d75c5d70310,botanical_garden,2026-02-10 03:30:00,400.7,145.2,12.0,4.124,,
772f9028-4104-4499-a2a4-c31a3f05ce7d,botanical_garden,2026-02-10 03:45:00,402.0,144.8,12.0,4.124,,
6861a1f8-7064-40dd-86da-0b051a0c6a9c,botanical_garden,2026-02-10 04:00:00,404.3,145.7,11.9,4.124,,
867221af-e49a-4f1f-8801-5d6d2904eec3,botanical_garden,2026-02-10 04:15:00,406.3,145.0,11.9,4.109,,
f7fd4d5d-fc3d-4937-90ad-fe46457edcd0,botanical_garden,2026-02-10 04:30:00,413.5,143.3,11.8,4.124,,
ad7faeb6-0a82-4937-8451-ccd7f5839294,botanical_garden,2026-02-10 04:45:00,418.2,144.3,11.8,4.124,,
cfff7414-8b84-4127-9035-f956946a583d,botanical_garden,2026-02-10 05:00:00,424.0,143.7,11.7,4.124,,
92ad999c-da04-4b77-8897-b192290e6486,botanical_garden,2026-02-10 05:15:00,426.3,145.0,11.7,4.124,,
15e9adc2-0e2c-468c-9ab2-8122f1b93709,botanical_garden,2026-02-10 05:30:00,431.3,143.2,11.6,4.124,,
2e6dbe6f-1c2b-4d56-8925-dee91241bbb6,botanical_garden,2026-02-10 05:45:00,435.3,143.2,11.5,4.124,,
247fe39c-bdbd-45d5-857b-9396f0d1354f,botanical_garden,2026-02-10 06:00:00,442.3,143.5,11.47,4.124,,
9db22ae3-c6f2-420e-abd5-c00b058d2115,botanical_garden,2026-02-10 06:15:00,449.2,143.0,11.4,4.124,,
ad4e17c0-4ed3-421e-8f56-cf1297e7518a,botanical_garden,2026-02-10 06:30:00,460.5,141.3,11.3,4.124,,
7054b67e-60df-41e1-9658-572e70730fdd,botanical_garden,2026-02-10 06:45:00,468.7,142.7,11.2,4.124,,
c8f2de7f-1906-4e52-a0a2-622bb81ec2c3,botanical_garden,2026-02-10 07:00:00,474.3,143.0,11.1,4.124,,
b7422fcb-09b4-4944-a2ab-1d771d17c495,botanical_garden,2026-02-10 07:15:00,483.2,143.2,11.1,4.124,,
1cefc725-2811-4d2e-b02a-92f8581160d1,botanical_garden,2026-02-10 07:30:00,496.7,142.0,11.0,4.124,,
5ed97958-f753-4dd2-be09-986ebed158eb,botanical_garden,2026-02-10 07:45:00,506.2,141.3,11.0,4.124,,
41dffbb6-4329-438f-8a8b-cac0e306bf71,botanical_garden,2026-02-10 08:00:00,515.2,142.0,10.9,4.124,,
9ce743f9-3712-44f9-860b-33d346ffe5f7,botanical_garden,2026-02-10 08:15:00,523.3,140.5,10.9,4.124,,
96bd27d6-2a99-48a2-a727-90d41d677820,botanical_garden,2026-02-10 08:30:00,532.7,141.8,10.8,4.124,,
8a5a8cda-ece6-4d80-b82e-f7cc8f0a7b05,botanical_garden,2026-02-10 08:45:00,541.2,143.2,10.8,4.109,,
9a5c3aea-f08d-44c6-b9ab-79f2bb43480f,botanical_garden,2026-02-10 09:00:00,547.0,141.0,10.7,4.109,,
47bd7edc-1ecf-484b-99a6-72b11342ba9e,botanical_garden,2026-02-10 09:15:00,552.3,141.7,10.7,4.124,,
f9bc1b08-64cd-4548-a5fe-e2b548a231b4,botanical_garden,2026-02-10 09:30:00,559.3,140.8,10.6,4.109,,
4791aba7-1979-457e-b681-1e95217436cb,botanical_garden,2026-02-10 09:45:00,564.0,141.3,10.6,4.124,,
c4e2fb52-e42a-4372-901e-f2b68f34dd31,botanical_garden,2026-02-10 10:00:00,569.7,141.2,10.5,4.109,,
21a48175-9e89-4f21-a1e6-be5bfba3ebee,botanical_garden,2026-02-10 10:15:00,575.0,141.5,10.5,4.109,,
79e469cc-541b-49de-a885-7b59ec4866d2,botanical_garden,2026-02-10 10:30:00,580.5,140.8,10.4,4.124,,
75464196-5f86-4018-b788-3a416c86aaee,botanical_garden,2026-02-10 10:45:00,587.2,141.3,10.4,4.109,,
3df691d9-48a6-462f-befb-cd87d1f79422,botanical_garden,2026-02-10 11:00:00,592.2,142.3,10.4,4.109,,
affe1e8e-121b-431d-b75d-8592d20a81d6,botanical_garden,2026-02-10 11:15:00,596.8,142.2,10.3,4.124,,
81fd83eb-f6ca-4445-a43d-0f8a7c1537fd,botanical_garden,2026-02-10 11:30:00,600.3,142.3,10.3,4.109,,
6861d18f-3e09-4ba9-bb3a-1f62bb80e6dc,botanical_garden,2026-02-10 11:45:00,605.7,141.5,10.3,4.109,,
a04bcace-2df8-4a5c-ab9a-07db92532626,botanical_garden,2026-02-10 12:00:00,608.3,144.0,10.3,4.109,,
bde4162c-a0c8-4049-b68e-509981d243a6,botanical_garden,2026-02-10 12:15:00,612.2,143.0,10.2,4.109,,
968db905-a8d3-43b1-b5af-402a5ff10b3f,botanical_garden,2026-02-10 12:30:00,615.3,142.5,10.2,4.109,,
497cd55e-d2f1-4099-80ae-fbe4bb59def1,botanical_garden,2026-02-10 12:45:00,621.5,142.8,10.2,4.109,,
1cad0a38-54c0-4e97-81e7-d9c98a971978,botanical_garden,2026-02-10 13:00:00,624.2,143.0,10.1,4.109,,
4541cbda-a72a-416c-8d8d-4a841bf9f668,botanical_garden,2026-02-10 13:15:00,626.5,144.0,10.1,4.109,,
03ffe9d8-2c9a-4884-abe9-6a50ca6b038c,botanical_garden,2026-02-10 13:30:00,629.0,144.3,10.1,4.109,,
57271ce1-dc39-467c-b9cb-ac374fab6f31,botanical_garden,2026-02-10 13:45:00,630.5,143.8,10.08,4.109,,
52dcff52-c16c-48d0-a7d2-01a8a5eb41f5,botanical_garden,2026-02-10 14:00:00,632.2,145.2,10.0,4.109,,
d34c6f55-9855-4631-95a0-d04718ab292a,botanical_garden,2026-02-10 14:15:00,632.3,145.0,10.0,4.109,,
f1fa865b-3541-437e-8d4b-5a6ca12fb27e,botanical_garden,2026-02-10 14:30:00,631.0,146.0,10.0,4.109,,
0a5d0b80-a0d3-48f5-8f20-4ab0b5fe6c5a,botanical_garden,2026-02-10 14:45:00,628.0,144.0,10.0,4.109,,
50439e21-3a80-41f0-82a7-faa6308feb5a,botanical_garden,2026-02-10 15:00:00,610.7,143.5,9.9,4.109,,
2d2b3f18-f072-4d1b-9e15-042234df0a9a,botanical_garden,2026-02-10 15:15:00,620.2,143.2,9.9,4.109,,
0c64f9a1-883d-4d93-a458-0408dd45c535,botanical_garden,2026-02-10 15:30:00,599.2,144.3,9.9,4.109,,
59c26e85-799b-4007-a0ef-b60c44456708,botanical_garden,2026-02-10 15:45:00,614.2,143.5,9.98,4.215,,
47373ad2-636a-48cb-ad28-f29e05af709d,botanical_garden,2026-02-10 16:00:00,612.7,143.2,10.0,4.23,,
47ce5c9f-0764-49cc-b437-14fdbec500ee,botanical_garden,2026-02-10 16:15:00,612.0,144.8,10.0,4.23,,
66d141cc-532b-40eb-88d4-13367dd32abe,botanical_garden,2026-02-10 16:30:00,611.2,143.2,10.0,4.23,,
55c5ff5c-f062-4ab0-8095-5c766c368338,botanical_garden,2026-02-10 16:45:00,612.0,143.8,10.1,4.23,,
7eee8127-97e1-44f4-916f-27dbd73f0480,botanical_garden,2026-02-10 17:00:00,612.7,147.5,10.2,4.23,,
11009a92-6c41-463b-a0b4-f5df2889cd75,botanical_garden,2026-02-10 17:15:00,613.0,148.0,10.28,4.23,,
b7985f49-b579-4b62-be5e-1ac71d47f456,botanical_garden,2026-02-10 17:30:00,614.2,149.5,10.37,4.245,,
a0377b08-305f-4272-a5e8-4b3774041fb2,botanical_garden,2026-02-10 17:45:00,616.0,149.8,10.5,4.23,,
747b92ec-0db2-407b-92e8-cca3dd388526,botanical_garden,2026-02-10 18:00:00,619.7,150.3,10.6,4.23,,
cc04ed54-0b6c-4a70-8a95-992aba01c73e,botanical_garden,2026-02-10 18:15:00,620.0,152.5,10.68,4.336,,
b1e24b3d-424f-4de9-89d2-2cca3073e2b0,botanical_garden,2026-02-10 18:30:00,604.3,152.0,10.8,4.336,,
a3d47e2c-b5b2-4735-8640-a208629ace33,botanical_garden,2026-02-10 18:45:00,573.5,152.0,10.9,4.321,,
3ff4e721-3c4a-4b93-9f65-453afdf5a8a7,botanical_garden,2026-02-10 19:00:00,536.3,152.0,11.0,4.336,,
514c22b5-f97a-4004-84df-d28642a162ab,botanical_garden,2026-02-10 19:30:00,485.7,152.0,11.27,4.336,,
bb2caaa7-e357-4208-8373-4dcd1f112fd5,botanical_garden,2026-02-10 19:45:00,475.7,153.3,11.4,4.336,,
2e5bd620-99cd-45d7-952e-78f54895b3c2,botanical_garden,2026-02-10 20:00:00,455.8,153.0,11.6,4.336,,
a6e65a03-65a0-463f-9500-44602d5546c5,botanical_garden,2026-02-10 20:15:00,444.0,153.3,11.7,4.321,,
ec329b21-06c9-46be-871a-b9ef72709141,botanical_garden,2026-02-10 20:30:00,433.0,153.2,11.8,4.321,,
c32b4450-a02b-4057-82a1-2409dfc9c65f,botanical_garden,2026-02-10 20:45:00,430.2,151.5,11.9,4.336,,
1aa7833b-6ba9-42f7-9b39-c1ce1ee03337,botanical_garden,2026-02-10 21:00:00,423.0,152.8,12.0,4.336,,
e22f6af4-500b-4466-8b40-34a35811744d,botanical_garden,2026-02-10 21:15:00,420.0,153.0,12.1,4.336,,
d4c3d253-a018-47a6-a11c-8f7e94ab1a9d,botanical_garden,2026-02-10 21:30:00,410.3,153.5,12.1,4.215,,
458dbb86-207f-4821-917e-735ddcbb03a0,botanical_garden,2026-02-10 21:45:00,407.0,153.5,12.1,4.139,,
0a86399a-8c2a-44cc-b924-4c85c70936c2,botanical_garden,2026-02-10 22:00:00,409.3,153.8,12.0,4.336,,
9669ffbf-a0ff-415d-bbfe-df69a619f181,botanical_garden,2026-02-10 22:15:00,408.2,153.7,12.0,4.336,,
62462a4e-a326-467b-955a-911cc7cc6b43,botanical_garden,2026-02-10 22:30:00,407.5,154.0,12.0,4.336,,
e91aed4d-5f43-4fcd-acc3-1364d2dd9522,botanical_garden,2026-02-10 22:45:00,405.8,153.5,12.0,4.336,,
16cc15c0-6b1a-4be0-bf59-258c10e8c497,botanical_garden,2026-02-10 23:00:00,404.0,153.3,12.0,4.336,,
b4505c00-a79e-4afc-b134-1b65a0636205,botanical_garden,2026-02-10 23:15:00,402.8,153.3,12.0,4.336,,
3fbf6220-c35b-42a0-bb0f-6f691acce048,botanical_garden,2026-02-10 23:30:00,402.0,153.0,12.0,4.215,,
9ac3f1ea-98d5-4a9e-acc2-655e44c4d23b,botanical_garden,2026-02-10 23:45:00,399.8,152.7,12.0,4.215,,
c071634f-c191-441b-8d26-fc54dfd2521a,botanical_garden,2026-02-11 00:00:00,398.8,153.5,12.0,4.215,,
5683330f-89bf-47ca-9fd5-e04cef395d9b,botanical_garden,2026-02-11 00:15:00,396.7,154.5,12.0,4.336,,
7b87ae12-6294-4951-8c16-9d2323f16c96,botanical_garden,2026-02-11 00:30:00,392.3,154.5,11.9,4.336,,
27ab8c4b-08b1-4ed4-8c46-4ff7a6a7daf4,botanical_garden,2026-02-11 00:45:00,390.2,153.5,11.9,4.215,,
a9ee6f6e-4c9c-4686-a73f-51a819508745,botanical_garden,2026-02-11 01:00:00,390.3,153.8,11.9,4.215,,
df5f87e3-05bf-4481-a604-269c432daa67,botanical_garden,2026-02-11 01:15:00,390.7,153.2,11.9,4.215,,
daef02a0-602e-480e-aa9d-6960fb296d5f,botanical_garden,2026-02-11 01:30:00,388.7,151.3,11.9,4.124,,
a87c87d2-fe61-4d69-997a-0188d58231bc,botanical_garden,2026-02-11 01:45:00,389.5,153.2,11.8,4.139,,
37cf37b1-047b-402b-8689-8e92821d99c5,botanical_garden,2026-02-11 02:00:00,391.3,153.7,11.8,4.124,,
06320524-6b25-4cc8-a1f5-f175bd585a0f,botanical_garden,2026-02-11 02:15:00,382.3,153.7,11.7,4.124,,
7c26c9bd-dbc7-456f-86dd-92d4999037dc,botanical_garden,2026-02-11 02:30:00,378.3,153.5,11.7,4.124,,
c14afc8a-0f54-43c3-8ecd-1470566feaa9,botanical_garden,2026-02-11 02:45:00,377.7,152.2,11.7,4.124,,
008c5ff2-5d59-4022-9043-7360ecf36ab0,botanical_garden,2026-02-11 03:00:00,374.7,152.2,11.7,4.124,,
c71b0ff4-f4ca-4856-9c7a-e806fe549ae9,botanical_garden,2026-02-11 03:15:00,372.5,152.8,11.6,4.124,,
fb4b4d59-90f0-481c-a99e-7e332d996b3f,botanical_garden,2026-02-11 03:30:00,371.3,151.3,11.6,4.124,,
3ba27552-6811-4d10-b7d4-0a541669c9f8,botanical_garden,2026-02-11 03:45:00,375.3,151.5,11.6,4.124,,
5044415a-f88c-4f0d-9bf5-2f2845b83231,botanical_garden,2026-02-11 04:00:00,377.0,149.8,11.6,4.124,,
0775239e-995f-473b-a635-2528f4e82fb6,botanical_garden,2026-02-11 04:15:00,380.0,148.2,11.6,4.124,,
d81efd46-8ae4-4737-8541-deb6f7d70a06,botanical_garden,2026-02-11 04:30:00,382.8,147.8,11.6,4.124,,
00e04f50-05bf-4211-b233-206956044891,botanical_garden,2026-02-11 04:45:00,385.8,146.5,11.5,4.124,,
dcde8c61-e58b-4f5b-bf37-e6f45e177417,botanical_garden,2026-02-11 05:00:00,388.7,146.8,11.5,4.124,,
a2a94cfc-912a-44f2-83d7-a1a2758bd86e,botanical_garden,2026-02-11 05:15:00,392.3,146.8,11.5,4.109,,
1a102746-46f0-4e32-b8e8-6c4d5a4cf029,botanical_garden,2026-02-11 05:30:00,398.2,146.0,11.4,4.124,,
6853ac11-038c-4eb9-b5ad-7ae9ed7875d8,botanical_garden,2026-02-11 05:45:00,402.3,145.8,11.4,4.124,,
b941c7a4-7b3c-40f9-a482-0e16b144ad11,botanical_garden,2026-02-11 06:00:00,408.0,145.0,11.4,4.124,,
ee1fc05e-5196-4b0f-addc-f058214957fd,botanical_garden,2026-02-11 06:15:00,413.8,144.8,11.4,4.124,,
89f68318-5189-4652-8192-a8d3d3f9d6f9,botanical_garden,2026-02-11 06:30:00,419.7,145.3,11.4,4.124,,
ce7b1a67-fd1c-4389-abe9-44d44a495fad,botanical_garden,2026-02-11 06:45:00,425.8,144.7,11.4,4.124,,
8cef6a16-b21f-4251-ad4a-5aa7cee258d1,botanical_garden,2026-02-11 07:00:00,432.0,145.8,11.4,4.124,,
6fba6f4e-2dfd-4680-a765-c4a6b083426a,botanical_garden,2026-02-11 07:15:00,442.5,145.2,11.32,4.124,,
370e5704-204c-44de-819a-7cb0cc99102e,botanical_garden,2026-02-11 07:30:00,449.0,144.5,11.32,4.124,,
4e2a0c6f-7ae7-455e-9f5d-70e5ab1d8fd9,botanical_garden,2026-02-11 07:45:00,457.0,144.7,11.33,4.124,,
ee5b8d2d-75ef-4135-83a3-f7cea8c6017f,botanical_garden,2026-02-11 08:00:00,465.8,145.0,11.37,4.124,,
4815fabb-d810-46a0-b92c-cdcb799e667b,botanical_garden,2026-02-11 08:15:00,474.2,145.2,11.4,4.124,,
76b35d9f-65f0-4af1-b92c-3c0dc2ec97cf,botanical_garden,2026-02-11 08:30:00,482.0,146.2,11.4,4.124,,
f357152f-50e1-436f-94cb-d7a5042ab4bd,botanical_garden,2026-02-11 08:45:00,488.5,151.3,11.4,4.124,,
6ea0f44f-291c-4f81-8248-dc8bb19a63f2,botanical_garden,2026-02-11 09:00:00,497.8,153.0,11.4,4.109,,
63df8495-e639-4874-acb5-8c02585b5988,botanical_garden,2026-02-11 09:15:00,507.3,153.0,11.4,4.124,,
199bb539-9b9f-4f73-8233-ccc4fde3ac78,botanical_garden,2026-02-11 09:30:00,501.7,154.0,11.4,4.124,,
f00f1b1f-ac7d-4118-ba95-db24519277c9,botanical_garden,2026-02-11 09:45:00,486.5,152.2,11.4,4.124,,
252bd50a-099d-4e5e-81c5-3a9af5db5a17,botanical_garden,2026-02-11 10:00:00,486.3,151.2,11.4,4.109,,
6648c936-d315-4d90-a03f-b1afd7a7b850,botanical_garden,2026-02-11 10:15:00,486.8,149.3,11.43,4.124,,
b29c4196-a72f-4086-98b9-1aeae8ea3edf,botanical_garden,2026-02-11 10:30:00,488.8,149.2,11.5,4.124,,
8682bf7e-f570-4a2b-9a6d-dd8f95bfbc21,botanical_garden,2026-02-11 10:45:00,493.5,148.0,11.5,4.124,,
f7bd1702-27c6-4ff4-ab34-c700e41fa811,botanical_garden,2026-02-11 11:00:00,497.3,149.0,11.5,4.124,,
3ed97f5c-d590-4e2f-866e-0c5639f4a357,botanical_garden,2026-02-11 11:15:00,500.3,148.7,11.5,4.109,,
d2d64d1b-0f9d-4c9d-a085-e9123872ad31,botanical_garden,2026-02-11 11:30:00,503.8,148.7,11.5,4.109,,
4e291054-8864-498c-a49b-9bcacf37969d,botanical_garden,2026-02-11 11:45:00,509.7,148.8,11.5,4.109,,
3209ff53-0c62-44a1-b7bb-f730aecafa87,botanical_garden,2026-02-11 12:00:00,514.2,147.5,11.5,4.109,,
4b15a6d5-b34c-4cfa-93db-241fad28e844,botanical_garden,2026-02-11 12:15:00,518.8,148.0,11.42,4.109,,
f48df895-d83f-4048-ab59-341a1c414fd4,botanical_garden,2026-02-11 12:30:00,524.5,147.2,11.4,4.109,,
c48405b2-bc95-4be1-939d-63127b634476,botanical_garden,2026-02-11 12:45:00,528.7,148.8,11.4,4.124,,
d01ea5d1-2b8c-4e55-8799-19dc79b88f06,botanical_garden,2026-02-11 13:00:00,533.2,148.0,11.4,4.109,,
a6662f16-7224-43fa-97ad-16374775514c,botanical_garden,2026-02-11 13:15:00,537.8,147.2,11.4,4.109,,
c6c63f00-cc54-43fb-ad25-e90c43447602,botanical_garden,2026-02-11 13:30:00,542.2,147.3,11.4,4.109,,
b3dd8dd9-5a57-431f-8823-eb5e582a087e,botanical_garden,2026-02-11 13:45:00,546.0,147.5,11.4,4.109,,
981f8dfe-c009-464a-8228-b7d96934d75a,botanical_garden,2026-02-11 14:00:00,551.0,146.2,11.4,4.109,,
324d09cc-7339-4446-8b53-ee8e6e6e6071,botanical_garden,2026-02-11 14:15:00,555.0,146.0,11.3,4.109,,
19e26779-15b3-4f2e-8d9b-aef6fb458509,botanical_garden,2026-02-11 14:30:00,561.0,145.2,11.3,4.124,,
0dfbe3a1-662d-471d-a633-96b58940107d,botanical_garden,2026-02-11 14:45:00,567.7,146.7,11.2,4.109,,
39dc2865-27e7-4426-a151-053da946c559,botanical_garden,2026-02-11 15:00:00,574.8,144.8,11.2,4.109,,
d43b22d1-12d7-4d4c-9b0d-55b89fe8e727,botanical_garden,2026-02-11 15:15:00,578.8,145.0,11.2,4.109,,
a8882171-bfbc-42fa-9d80-17d7838008e8,botanical_garden,2026-02-11 15:30:00,586.5,144.8,11.2,4.109,,
1866db60-39ea-47fe-885c-d25402cc580a,botanical_garden,2026-02-11 15:45:00,592.3,145.2,11.1,4.109,,
af9cddc3-3934-4f63-93d3-0b261e04cecc,botanical_garden,2026-02-11 16:00:00,594.8,143.7,11.1,4.109,,
9b063ea8-10bc-4fbf-93d2-9fdf84838e0a,botanical_garden,2026-02-11 16:15:00,599.5,142.8,11.1,4.23,,
ccd9f47d-9234-4035-a108-04a6c95c1c50,botanical_garden,2026-02-11 16:30:00,600.7,145.2,11.1,4.215,,
582596bc-0530-40b2-b488-41c5593abc33,botanical_garden,2026-02-11 16:45:00,600.8,145.8,11.1,4.23,,
91dd3e56-0927-45ec-bb13-b2ea3f8ce11e,botanical_garden,2026-02-11 17:00:00,547.0,151.8,11.27,4.23,,
af0790d6-6694-4a31-8c51-ac52edb712ac,botanical_garden,2026-02-11 17:15:00,535.0,152.0,11.4,4.23,,
554a0286-4558-4d06-b865-5d7e89c86301,botanical_garden,2026-02-11 17:30:00,552.5,153.5,11.4,4.23,,
b86cde50-7a76-4739-9386-1f060129b8e3,botanical_garden,2026-02-11 17:45:00,566.2,152.5,11.3,4.23,,
302d9863-1874-4bf9-aa61-2e7ab9c06384,botanical_garden,2026-02-11 18:00:00,574.2,153.8,11.3,4.245,,
3c632d6a-7f1f-4e82-9bbc-dec4e61040fe,botanical_garden,2026-02-11 18:15:00,571.7,153.0,11.4,4.23,,
0446a14a-9b8a-46bb-8aca-2388734a7eb3,botanical_garden,2026-02-11 18:30:00,541.5,152.5,11.5,4.321,,
ae99ffe7-bfba-4dd2-958d-b5bfb8874754,botanical_garden,2026-02-11 18:45:00,506.8,151.3,11.6,4.336,,
96615937-33d9-4ffc-830c-8a3a7fd080c0,botanical_garden,2026-02-11 19:00:00,475.5,152.0,11.6,4.245,,
84644948-efa4-4544-bb20-38a36bc0af1c,botanical_garden,2026-02-11 19:15:00,458.2,152.2,11.7,4.321,,
069f035e-ce4a-4a2d-b1af-75267ac789e6,botanical_garden,2026-02-11 19:30:00,444.2,151.8,11.8,4.321,,
955b9f4d-8767-46c1-9d01-6572fa979f4b,botanical_garden,2026-02-11 19:45:00,435.0,153.3,11.83,4.336,,
4d7450d2-9339-4039-837f-640b06cf786f,botanical_garden,2026-02-11 20:15:00,420.3,153.0,11.9,4.336,,
f7c28683-1fca-4b37-ac6c-ec455d90695c,botanical_garden,2026-02-11 20:30:00,413.5,152.8,11.9,4.336,,
62e1c586-1e7d-4905-a0f1-322053e3ddf5,botanical_garden,2026-02-11 20:45:00,406.0,152.8,12.0,4.336,,
6e19aa17-8afc-4452-af18-67e68642f7b9,botanical_garden,2026-02-11 21:00:00,398.7,154.5,12.0,4.336,,
f90a2ec0-6b9d-4c1a-bfaf-d9c1f989179a,botanical_garden,2026-02-11 21:15:00,392.2,156.5,12.0,4.23,,
1cacf944-e1ad-4e29-99ed-af3b5cee22e5,botanical_garden,2026-02-11 21:30:00,375.5,156.7,12.0,4.336,,
fbfe064d-dcfb-4904-ab74-16a32293e1c2,botanical_garden,2026-02-11 21:45:00,373.0,156.3,12.1,4.336,,
6ee85010-6df5-4159-b325-78d5805345bb,botanical_garden,2026-02-11 22:00:00,361.0,154.7,12.1,4.336,,
29069d4c-b5e2-426a-872e-4a415b05667a,botanical_garden,2026-02-11 22:15:00,363.8,154.5,12.2,4.321,,
6401f5e8-9ff1-4fcd-975b-5bd0f4c2ac55,botanical_garden,2026-02-11 22:30:00,369.2,154.2,12.2,4.336,,
252e4f5c-1b27-428b-8b98-ee22ba1dff7b,botanical_garden,2026-02-11 22:45:00,372.7,154.3,12.3,4.336,,
ccef284d-660f-4338-998e-3ec57dfcaa5c,botanical_garden,2026-02-11 23:00:00,377.0,154.2,12.3,4.336,,
148f8b06-1241-430f-88ed-84f68e7d67c7,botanical_garden,2026-02-11 23:15:00,377.8,152.2,12.3,4.215,,
1992c3c9-bd31-4e8a-a109-12634c89f1e8,botanical_garden,2026-02-12 00:15:00,231.8,175.8,12.0,4.215,,
9f53673f-787d-41bf-9091-c739347510e5,botanical_garden,2026-02-12 00:45:00,300.2,169.0,12.0,4.124,,
f6b61430-82df-4711-971b-024261ac4230,botanical_garden,2026-02-12 01:00:00,327.5,167.7,12.1,4.124,,
da5781b7-cb60-41b1-946a-9405a879e9e5,botanical_garden,2026-02-12 01:15:00,346.0,166.8,12.0,4.139,,
8974b629-23e6-4ca8-9dae-07772e26a9b9,botanical_garden,2026-02-12 01:45:00,354.2,164.2,12.0,4.124,,
7c93ff4f-5e42-48f8-b817-674cbcaab96a,botanical_garden,2026-02-12 02:00:00,351.3,162.3,12.0,4.124,,
6cd47efc-c751-43a5-89e5-6807c54540ee,botanical_garden,2026-02-12 02:30:00,367.5,157.7,11.9,4.124,,
418bf0c5-4695-4b88-8c57-78c7e8d54259,botanical_garden,2026-02-12 02:45:00,376.5,156.2,11.9,4.124,,
23a4db3d-7c01-47f2-a7c5-2a240ce3fa5f,botanical_garden,2026-02-12 03:00:00,387.5,156.0,11.9,4.124,,
83f63d0d-56ec-49fb-9a9b-3fc554103f6d,botanical_garden,2026-02-12 03:15:00,398.7,156.0,11.8,4.124,,
1eed0f10-c884-4daa-b5b4-e2cece6e9776,botanical_garden,2026-02-12 03:30:00,410.2,154.3,11.8,4.124,,
4d97bf93-b2d0-4656-b7c3-209c7738c663,botanical_garden,2026-02-12 03:45:00,420.3,153.8,11.7,4.124,,
2791e078-1e38-423e-a5b6-a4f1e4c9f28a,botanical_garden,2026-02-12 04:00:00,429.2,153.2,11.7,4.124,,
4fafccca-116f-4de7-ac4e-ba5232653177,botanical_garden,2026-02-12 04:15:00,438.3,151.8,11.7,4.124,,
1fafd93b-3105-4311-8e93-2a697241e44c,botanical_garden,2026-02-12 04:30:00,446.5,151.3,11.7,4.124,,
5647f7cc-b182-4c30-9ef6-aa4b357812af,botanical_garden,2026-02-12 04:45:00,454.8,151.3,11.6,4.109,,
df700cfe-e844-4a91-8219-9985c1a5448e,botanical_garden,2026-02-12 05:00:00,462.0,152.2,11.6,4.124,,
c497c1bb-1dd8-4247-a81f-1d5873e0be71,botanical_garden,2026-02-12 05:15:00,468.8,151.2,11.6,4.124,,
7f8440fa-7a2c-4bd2-b70b-17e69221d873,botanical_garden,2026-02-12 05:30:00,474.3,150.2,11.5,4.109,,
790eab1b-2df2-457e-a02f-9e19f124a51b,botanical_garden,2026-02-12 05:45:00,480.5,149.0,11.5,4.124,,
53a56bf6-85cd-4241-a60e-352459e8a26e,botanical_garden,2026-02-12 06:00:00,489.3,148.8,11.4,4.124,,
19d8a938-02d1-42bf-a81a-29667fb7dd02,botanical_garden,2026-02-12 06:15:00,493.8,148.7,11.4,4.124,,
b70e39d2-4c36-477c-9070-3a23913e51a5,botanical_garden,2026-02-12 06:30:00,498.7,149.5,11.3,4.124,,
3f79231b-0789-40e7-a25d-c28e88fa3e73,botanical_garden,2026-02-12 06:45:00,503.0,150.3,11.3,4.109,,
73ff7743-63d9-4f62-90cb-d8734f169eee,botanical_garden,2026-02-12 07:00:00,507.5,148.7,11.3,4.124,,
9a1d4990-8e9b-44a8-a9b8-35d2b9a1bf59,botanical_garden,2026-02-12 07:15:00,511.2,147.7,11.2,4.124,,
b757a813-7e14-4814-aa2b-da9271d1af07,botanical_garden,2026-02-12 07:30:00,515.3,148.0,11.2,4.109,,
c8a86f18-3b00-4232-a03e-f4413d1d2e0b,botanical_garden,2026-02-12 07:45:00,520.5,148.3,11.2,4.109,,
29796784-16ca-4216-82bf-506852158e36,botanical_garden,2026-02-12 08:00:00,524.5,148.8,11.1,4.109,,
f15199b4-a146-41c5-ae5a-2c14d5b16604,botanical_garden,2026-02-12 08:15:00,527.3,148.7,11.1,4.109,,
8725a729-832b-48bc-bd82-ce2bf060b77f,botanical_garden,2026-02-12 08:30:00,530.3,147.3,11.0,4.109,,
0d682c59-e54c-490c-bb95-e006d589341c,botanical_garden,2026-02-12 08:45:00,533.7,147.3,11.0,4.109,,
4410cb70-028e-4dac-9813-049ff0d9c41e,botanical_garden,2026-02-12 09:00:00,537.2,146.5,11.0,4.109,,
907b955a-855b-496b-8e2e-c508c71d1e9f,botanical_garden,2026-02-12 09:15:00,540.7,147.0,10.9,4.109,,
5ab7c6ca-4e47-4004-ab00-aecc04f7c4cf,botanical_garden,2026-02-12 09:30:00,543.0,147.2,10.9,4.109,,
14a8ed4a-07eb-4d9b-a7ab-9fbd11558378,botanical_garden,2026-02-12 09:45:00,546.8,146.5,10.9,4.109,,
4aef718f-82a3-4794-a160-15f616825928,botanical_garden,2026-02-12 10:00:00,549.7,147.3,10.9,4.109,,
aeaeb9cd-0573-4f9e-a336-80cca3ab5d07,botanical_garden,2026-02-12 10:15:00,552.5,147.2,10.9,4.109,,
3e5d5616-e382-43d1-8436-4d08b94b2f1f,botanical_garden,2026-02-12 10:30:00,555.5,145.7,10.9,4.109,,
50f50e23-ac4a-470b-bcc1-3868c907ae62,botanical_garden,2026-02-12 10:45:00,558.7,146.2,10.9,4.109,,
62b60858-e99a-4bd2-8881-d1c0c8a94dcc,botanical_garden,2026-02-12 11:00:00,560.5,144.7,10.9,4.109,,
f09cf6f2-f98d-4f8b-879d-a6516ac770a7,botanical_garden,2026-02-12 11:15:00,563.2,145.0,10.9,4.109,,
42c7f22b-86d5-4195-b632-cf2a8056195d,botanical_garden,2026-02-12 11:30:00,565.2,144.7,10.9,4.109,,
917ae4c6-d4be-415c-af18-ba2e71bb2907,botanical_garden,2026-02-12 11:45:00,567.7,144.5,10.8,4.109,,
b60c7712-708d-4120-8285-dfcb0acbf23f,botanical_garden,2026-02-12 12:00:00,570.8,144.2,10.8,4.109,,
7d27e84b-8d1c-43f5-ab56-13c971228df8,botanical_garden,2026-02-12 12:15:00,572.5,145.3,10.83,4.109,,
f7afb3bc-833e-4094-9fb0-e76cac10135e,botanical_garden,2026-02-12 12:30:00,574.2,145.2,10.88,4.109,,
8b948d2f-7a5c-42fe-8a1d-cd07c530ae2a,botanical_garden,2026-02-12 12:45:00,577.3,145.2,10.8,4.109,,
424f90a2-dc4a-4b67-a72a-c4104a597f8d,botanical_garden,2026-02-12 13:00:00,579.0,145.2,10.8,4.109,,
6df7fbb0-9084-4c0b-b1ac-4b362c97ba9e,botanical_garden,2026-02-12 13:15:00,581.0,145.3,10.8,4.109,,
72dfb70f-edae-456a-964a-4cd01fff6001,botanical_garden,2026-02-12 13:30:00,582.3,145.5,10.7,4.109,,
171161a0-cde6-432a-8c03-a36a6d85c36e,botanical_garden,2026-02-12 13:45:00,584.0,144.8,10.7,4.109,,
b3247443-378a-4fa5-9b9f-0a40d5fd16fb,botanical_garden,2026-02-12 14:00:00,586.0,144.7,10.7,4.109,,
2b5e8f9e-7c1d-47c4-9061-51943f0d8928,botanical_garden,2026-02-12 14:15:00,587.8,144.7,10.7,4.109,,
047926bc-9da7-4fa4-84bb-af72a5dbd616,botanical_garden,2026-02-12 14:30:00,590.3,144.7,10.7,4.109,,
45ed45d5-6b44-4c49-ab6c-6bdbfe6b7338,botanical_garden,2026-02-12 14:45:00,592.5,145.3,10.6,4.109,,
5130f04d-b996-427d-9340-85035b3b2026,botanical_garden,2026-02-12 15:00:00,593.8,144.8,10.6,4.109,,
9e531b39-c279-4530-9736-630f3ca0698f,botanical_garden,2026-02-12 15:15:00,595.3,143.2,10.6,4.109,,
dfbb695a-93ae-4985-bfe4-068e35378a72,botanical_garden,2026-02-12 15:30:00,597.5,144.7,10.5,4.094,,
8f1d1b1d-cf3c-4e73-bb9a-e0a4f4a92108,botanical_garden,2026-02-12 15:45:00,598.7,145.5,10.5,4.109,,
d9802a1f-3c8c-4bb3-abf0-000606a83a84,botanical_garden,2026-02-12 16:00:00,599.8,145.2,10.5,4.109,,
9bceb086-043b-41aa-b808-e5f0ad336c6c,botanical_garden,2026-02-12 16:15:00,601.3,144.3,10.43,4.109,,
bff5be6e-66ce-490c-a8be-c1de4294b302,botanical_garden,2026-02-12 16:30:00,602.7,145.7,10.4,4.2,,
fcc84231-240b-4528-852f-d030902139f7,botanical_garden,2026-02-12 16:45:00,604.2,146.2,10.4,4.215,,
27585584-5391-4c64-ac78-52f9447acf03,botanical_garden,2026-02-12 17:00:00,608.0,147.2,10.5,4.215,,
d203ad95-47fd-4fb6-b1bc-cc0dc24934d6,botanical_garden,2026-02-12 17:15:00,613.2,148.2,10.5,4.23,,
01982445-6171-440f-83e9-171ade14519b,botanical_garden,2026-02-12 17:30:00,619.5,148.3,10.5,4.23,,
ce0d3ddc-85bf-4b83-95ee-243416b1a606,botanical_garden,2026-02-12 17:45:00,620.8,149.2,10.6,4.23,,
a983dc45-4257-43fe-b8e0-c953a6617fe2,botanical_garden,2026-02-12 18:00:00,611.2,149.0,10.6,4.23,,
8685bf62-125c-4ecb-ae9b-eefc4e90541d,botanical_garden,2026-02-12 18:15:00,588.0,149.5,10.7,4.23,,
fce0ee0e-5f88-41f9-a5f1-1526bc80141f,botanical_garden,2026-02-12 18:45:00,530.3,149.5,10.9,4.23,,
8f8575a6-55ba-4385-8a9e-d635309aa34d,botanical_garden,2026-02-12 19:00:00,505.8,149.8,11.0,4.23,,
c1e20208-a284-46cf-aa28-4769fdcdabb5,botanical_garden,2026-02-12 19:15:00,485.3,150.8,11.1,4.321,,
2da7a26a-5ff6-4d0f-99f0-02769769c432,botanical_garden,2026-02-12 19:30:00,470.5,149.2,11.3,4.321,,
921b83c3-2f38-42ee-a766-05707c10b53c,botanical_garden,2026-02-12 19:45:00,460.7,149.5,11.5,4.336,,
ce20e98d-2197-4409-8609-c6f2c8bcc517,botanical_garden,2026-02-12 20:00:00,448.3,151.0,11.8,4.336,,
b02b1e5c-9638-4987-b8f3-66fac4fc032f,botanical_garden,2026-02-12 20:15:00,442.2,150.0,12.0,4.336,,
8e95aee1-9c19-49d2-a911-301dc8988e52,botanical_garden,2026-02-12 20:45:00,431.2,149.3,12.4,4.336,,
e634ef06-0b1a-4fe0-b5fe-45c6eb5db8b6,botanical_garden,2026-02-12 21:00:00,425.2,152.3,12.7,4.336,,
9cf0a986-c6b7-4a77-99b4-ed3f49526a59,botanical_garden,2026-02-12 21:15:00,424.3,151.7,12.9,4.336,,
22c1384f-255b-415a-8c3d-fa2cd9535d2b,botanical_garden,2026-02-12 21:30:00,417.7,151.5,13.1,4.336,,
13149f82-355d-4a20-aa49-7983fcf97f1a,botanical_garden,2026-02-12 21:45:00,416.5,151.2,13.2,4.336,,
f80d1712-309a-4f95-ba52-c035f6be3dcc,botanical_garden,2026-02-12 22:00:00,414.8,152.3,13.3,4.336,,
431d5a2b-85a4-4450-9f0c-3f3f4f42b432,botanical_garden,2026-02-12 22:15:00,413.2,152.0,13.4,4.336,,
951c155b-ee12-4874-a3ce-247dc463bb16,botanical_garden,2026-02-12 22:30:00,411.5,152.7,13.4,4.336,,
e0ab073f-dae9-499c-91cd-236f2f9ea5bb,botanical_garden,2026-02-12 22:45:00,410.7,151.8,13.5,4.336,,
1cde8933-4723-45d8-af85-35e2240ece63,botanical_garden,2026-02-12 23:00:00,409.8,152.5,13.5,4.336,,
15186aed-c73f-484d-a980-d7dab2fdb443,botanical_garden,2026-02-12 23:15:00,408.3,153.3,13.5,4.321,,
a119f86d-ece7-4cc4-8bce-7611a767e831,botanical_garden,2026-02-12 23:30:00,407.0,152.5,13.4,4.336,,
2803dcc9-16ca-4010-93b5-c8804d4a4ce4,botanical_garden,2026-02-12 23:45:00,406.3,152.7,13.3,4.321,,
544ccfd2-bfa5-4f3a-9385-b622dfd847cf,botanical_garden,2026-02-13 00:00:00,405.0,153.0,13.2,4.336,,
9803931c-3d93-48fa-91fb-e9701783c4f2,botanical_garden,2026-02-13 00:15:00,404.5,152.2,13.2,4.336,,
06cc8b64-041a-41cd-9f47-39ab1472044e,botanical_garden,2026-02-13 00:30:00,402.5,152.0,13.1,4.336,,
415b9db3-1a8b-4958-a3bf-7302610aafd0,botanical_garden,2026-02-13 00:45:00,401.5,151.5,13.0,4.336,,
7a51f9eb-fcf4-4ba3-945e-1eef6b000d1f,botanical_garden,2026-02-13 01:00:00,401.3,151.8,12.9,4.215,,
3fa90d76-82e3-4739-95e2-76bf27a8bf4b,botanical_garden,2026-02-13 01:15:00,401.2,151.8,12.8,4.124,,
6550dec7-a30f-48bb-85ff-6899b389ba59,botanical_garden,2026-02-13 01:30:00,402.0,151.8,12.7,4.124,,
24b0a3b6-2ad1-45e8-9573-75985a16bff3,botanical_garden,2026-02-13 01:45:00,403.2,151.8,12.62,4.124,,
835c74e0-7538-48a1-bd94-19492b5f9283,botanical_garden,2026-02-13 02:00:00,404.0,151.3,12.6,4.139,,
90434463-7d5e-4e8d-95e6-0fcc7c25d6a7,botanical_garden,2026-02-13 02:15:00,401.7,149.2,12.5,4.124,,
b49f90cf-c7e6-4d28-ae97-e2a792c40283,botanical_garden,2026-02-13 02:30:00,401.5,147.3,12.4,4.124,,
563c2e16-c7ff-4492-99ae-8371a4c34cad,botanical_garden,2026-02-13 02:45:00,406.2,146.2,12.3,4.139,,
427a1c62-33b5-4887-8ec7-364e721a7533,botanical_garden,2026-02-13 03:00:00,405.8,146.7,12.2,4.124,,
93d2ec30-8349-4a1c-8d18-ff5b7d871bad,botanical_garden,2026-02-13 03:15:00,403.3,146.2,12.1,4.124,,
740474cf-be27-4365-a9fc-48bb2564ab9e,botanical_garden,2026-02-13 03:30:00,411.5,146.0,12.0,4.124,,
e834906e-481e-456e-a181-cf34d3250e30,botanical_garden,2026-02-13 03:45:00,416.3,144.7,11.9,4.124,,
4465dfbf-12cc-4a7c-93fb-f8d10ed50d93,botanical_garden,2026-02-13 04:00:00,423.2,143.7,11.8,4.109,,
e42f6bba-400f-4d8d-9919-cf02aaf48adf,botanical_garden,2026-02-13 04:15:00,431.3,144.5,11.7,4.124,,
fea025f1-d046-407e-8685-6c3de870543f,botanical_garden,2026-02-13 04:30:00,439.0,142.8,11.68,4.109,,
6330d657-cf40-4371-952a-c76b6d669c83,botanical_garden,2026-02-13 04:45:00,448.7,143.3,11.6,4.124,,
248ee13f-6268-4a2d-a72d-8b710a7cf613,botanical_garden,2026-02-13 05:00:00,458.2,143.7,11.5,4.124,,
ba11176d-e258-4880-bd82-c6c47c374576,botanical_garden,2026-02-13 05:15:00,469.5,143.5,11.4,4.124,,
fd0895cf-8a72-4d01-a7f6-41d8c1f7324e,botanical_garden,2026-02-13 05:30:00,480.2,142.2,11.4,4.124,,
3a256b41-651b-44e7-b3c6-8fbdbc7b3e0c,botanical_garden,2026-02-13 05:45:00,487.7,142.5,11.3,4.124,,
7575a065-307a-4b1d-9f53-fefa2c55e08c,botanical_garden,2026-02-13 06:00:00,499.8,141.3,11.2,4.109,,
82b36174-f147-4a9e-ad9f-e5071365d510,botanical_garden,2026-02-13 06:15:00,509.2,142.7,11.2,4.124,,
71443e6b-a683-4288-b5ea-bd79b5a9d0a3,botanical_garden,2026-02-13 06:30:00,518.7,140.8,11.1,4.124,,
6a3db777-ffb9-4785-9ca8-794c4dbb0df1,botanical_garden,2026-02-13 06:45:00,524.7,142.5,11.1,4.124,,
3355c13b-2f60-4b97-b327-232387df7f23,botanical_garden,2026-02-13 07:00:00,530.5,142.5,11.0,4.109,,
e0c46066-9151-4f3d-9d0d-9526ab26d11e,botanical_garden,2026-02-13 07:15:00,539.0,142.5,11.0,4.109,,
dd1736f4-6b4c-4572-85eb-6f1cccf2079b,botanical_garden,2026-02-13 07:30:00,547.8,142.2,10.9,4.124,,
b339c93b-993b-42e0-9adc-a18681d8bce9,botanical_garden,2026-02-13 07:45:00,553.2,142.7,10.9,4.124,,
8c0ed07e-85a1-4402-9831-4039ad7cadea,botanical_garden,2026-02-13 08:00:00,560.2,141.8,10.8,4.124,,
e89cfe3e-a1fa-4b80-a810-00aaab68dbf8,botanical_garden,2026-02-13 08:15:00,566.2,142.0,10.8,4.124,,
ac732210-cd82-44df-8efb-ad7968b48d30,botanical_garden,2026-02-13 08:30:00,569.3,140.5,10.8,4.109,,
27f0072a-d143-4dc8-9683-d2a9adeaaaa6,botanical_garden,2026-02-13 08:45:00,576.2,141.8,10.7,4.109,,
4fb27288-88cf-4698-bd13-ef938cb2fad8,botanical_garden,2026-02-13 09:00:00,583.2,141.2,10.7,4.124,,
b6933b3a-399e-4aa8-b95c-1656b41817cb,botanical_garden,2026-02-13 09:15:00,586.7,141.3,10.6,4.109,,
2850c0a6-b644-4ed1-8e28-e8f4b4ac27b4,botanical_garden,2026-02-13 09:30:00,591.5,142.2,10.6,4.124,,
180e578e-dcc5-4d23-a555-63b4e23a2572,botanical_garden,2026-02-13 09:45:00,596.2,140.7,10.6,4.109,,
f1b99f3c-e057-4d8e-8681-5859888a34c9,botanical_garden,2026-02-13 10:00:00,600.7,141.0,10.5,4.109,,
9ccb1465-7ec4-4018-ba02-d47a85583d08,botanical_garden,2026-02-13 10:15:00,604.2,141.3,10.5,4.109,,
ccb0dabe-c0e6-45c6-a3fb-9fb1ae9f0681,botanical_garden,2026-02-13 10:30:00,609.8,141.5,10.4,4.124,,
eacb7ae8-e840-4f43-be96-f22dee1895b7,botanical_garden,2026-02-13 10:45:00,615.2,140.5,10.4,4.109,,
3e84aa66-3e5a-46b7-bce1-33cb4905cc18,botanical_garden,2026-02-13 11:00:00,615.3,141.0,10.4,4.109,,
ded325a4-ebd1-4426-b8e3-5b9f2f0500d5,botanical_garden,2026-02-13 11:15:00,618.3,140.7,10.3,4.109,,
dc1f6c9c-e1e2-41ee-bcb9-d2ca2121bcb1,botanical_garden,2026-02-13 11:30:00,621.8,140.3,10.3,4.109,,
e039f04b-d8ae-4b89-93f6-2cc666f05192,botanical_garden,2026-02-13 11:45:00,625.8,140.5,10.3,4.109,,
754a21a7-c555-48b3-83f6-cd1af124a0a6,botanical_garden,2026-02-13 12:00:00,628.2,141.7,10.2,4.109,,
d31f5c9c-a7a9-441b-89fd-673d0feac0c7,botanical_garden,2026-02-13 12:15:00,641.7,141.0,10.2,4.109,,
bbdabb4b-0c27-413b-b8a0-980e762291f9,botanical_garden,2026-02-13 12:30:00,629.5,140.8,10.2,4.109,,
ffb50589-24de-4b32-933d-50dfe95e8df6,botanical_garden,2026-02-13 12:45:00,634.2,140.2,10.1,4.109,,
015c45c3-3de4-4d26-9a0c-a803126c9657,botanical_garden,2026-02-13 13:00:00,636.8,140.7,10.1,4.109,,
f79c401d-ecf3-4d61-a2e3-56ef81ea2099,botanical_garden,2026-02-13 13:15:00,637.5,140.3,10.1,4.109,,
c7a88b6c-298b-4791-a78a-f79e20d39952,botanical_garden,2026-02-13 13:30:00,642.2,140.5,10.1,4.094,,
3fca7aac-b1df-42c2-a824-3010264ce793,botanical_garden,2026-02-13 13:45:00,642.2,140.0,10.0,4.109,,
1ac7321f-544b-4e00-93a3-54b0b5542654,botanical_garden,2026-02-13 14:00:00,637.7,140.8,10.0,4.109,,
674a8ccf-4fca-4041-8b85-902a9d1a1004,botanical_garden,2026-02-13 14:15:00,645.8,140.0,10.0,4.109,,
436def01-b893-4528-8b47-cda96e0a7b18,botanical_garden,2026-02-13 14:30:00,647.3,139.5,10.0,4.109,,
e151c279-d757-4d51-b84b-bca259935d73,botanical_garden,2026-02-13 14:45:00,660.0,140.5,10.0,4.094,,
962d2521-46f8-4dd6-9966-66e49769087c,botanical_garden,2026-02-13 15:00:00,652.5,139.3,10.0,4.109,,
131eb05a-b929-4a6c-b5a8-583eb43efeed,botanical_garden,2026-02-13 15:15:00,653.5,140.3,10.05,4.094,,
68ac5c85-0000-41d3-8d98-69309a45eb1a,botanical_garden,2026-02-13 15:30:00,655.3,139.7,10.0,4.094,,
35db362b-9481-40b1-8e43-752ed9f3416e,botanical_garden,2026-02-13 15:45:00,656.2,139.3,10.0,4.109,,
33d46c6e-6a08-4775-8677-3604321072b8,botanical_garden,2026-02-13 16:15:00,659.2,140.0,10.0,4.23,,
985e8090-558e-4a21-820b-deab0fc89796,botanical_garden,2026-02-13 16:30:00,660.5,140.3,10.0,4.215,,
a7668a91-289c-4b22-ade0-56e61e1680fa,botanical_garden,2026-02-13 16:45:00,662.2,141.3,10.0,4.23,,
bd275b43-2d31-4d19-bd16-dd196221ea6a,botanical_garden,2026-02-13 17:00:00,665.0,141.8,10.1,4.23,,
aa81f3b6-729e-4449-a751-9ac80a2131c3,botanical_garden,2026-02-13 17:15:00,668.8,144.2,10.2,4.245,,
58383c30-9098-4986-a50d-9c690ff27772,botanical_garden,2026-02-13 17:30:00,674.7,146.5,10.3,4.23,,
8cf45337-caf1-4752-b351-3610898a20be,botanical_garden,2026-02-13 17:45:00,681.3,146.2,10.4,4.23,,
2b86ab13-2241-4ce0-8581-d99d2262a7bb,botanical_garden,2026-02-13 18:00:00,681.7,146.2,10.5,4.23,,
47c9ffe7-420b-441f-a855-f9ad37b230d6,botanical_garden,2026-02-13 18:15:00,671.0,147.2,10.6,4.23,,
4af7d3b8-0f0c-414f-81cd-60a15d8d7d4e,botanical_garden,2026-02-13 18:30:00,632.7,146.8,10.8,4.245,,
cb268b52-7a02-4178-829b-32b61abf5fe1,botanical_garden,2026-02-13 18:45:00,594.3,146.8,10.9,4.23,,
8664dfc3-f4b6-4c8a-a9e1-321ef5d1792f,botanical_garden,2026-02-13 19:00:00,553.7,147.8,11.0,4.336,,
9ca4dd0e-a25d-41d4-b057-663d1d7fc6a6,botanical_garden,2026-02-13 19:15:00,523.8,147.5,11.1,4.336,,
c3c73b5a-4eec-4f95-a6fa-a9f8c935821f,botanical_garden,2026-02-13 19:30:00,499.7,148.0,11.3,4.336,,
befa7d09-66dd-4962-9b35-a89b46e11a13,botanical_garden,2026-02-13 19:45:00,477.0,147.8,11.4,4.321,,
2346fce1-ee13-4750-98a8-521d2ab19d24,botanical_garden,2026-02-13 20:00:00,463.5,147.0,11.6,4.336,,
d6ac75d5-0814-42c8-b7e6-649f57b1ca68,botanical_garden,2026-02-13 20:15:00,450.7,146.8,11.9,4.321,,
f28885e6-f4fd-47a3-bb24-381c7dd533aa,botanical_garden,2026-02-13 20:30:00,442.7,147.2,12.0,4.336,,
c1128ab0-c567-4ef9-9d11-9293c0c16830,botanical_garden,2026-02-13 21:00:00,430.0,148.3,12.6,4.336,,
dc0cd660-c104-4001-8249-48cb4cc3fffb,botanical_garden,2026-02-13 21:15:00,426.5,149.2,12.9,4.336,,
ab9af1d9-6cb7-4c3d-955d-c27ee85cf58f,botanical_garden,2026-02-13 21:30:00,425.2,149.7,13.1,4.321,,
462b49a1-938f-4965-ab25-f4b38e0e99d5,botanical_garden,2026-02-13 21:45:00,424.2,149.2,13.2,4.336,,
f4520d04-df31-4514-addf-81633ace2007,botanical_garden,2026-02-13 22:15:00,420.7,148.8,13.2,4.336,,
7a9f6163-21b3-40bf-9772-cc53f429be1f,botanical_garden,2026-02-13 22:30:00,420.2,149.2,13.2,4.336,,
34e4d527-263e-4d1e-9c3a-1c8398ec81ab,botanical_garden,2026-02-13 22:45:00,417.0,149.2,13.1,4.336,,
59d49ee4-789b-4567-953b-61ce396f95e5,botanical_garden,2026-02-13 23:00:00,415.5,149.3,13.1,4.336,,
34ca9d9b-6ef1-4961-98e9-1880204f62e9,botanical_garden,2026-02-13 23:15:00,413.2,149.7,13.1,4.336,,
2798b88e-1765-4d6a-832a-499f87f18179,botanical_garden,2026-02-13 23:30:00,412.2,149.7,13.1,4.336,,
f11bd009-ccec-4e17-b24f-ca7574a5a389,botanical_garden,2026-02-13 23:45:00,409.3,149.7,13.1,4.321,,
7aef6940-d4cd-4ed8-a6eb-7d256ea5ce50,botanical_garden,2026-02-14 00:00:00,408.3,149.3,13.1,4.23,,
6cd2e824-0d9e-4756-b4a2-8b5f17f280ff,botanical_garden,2026-02-14 00:15:00,405.8,148.8,13.0,4.321,,
f4a95a18-281a-4ee0-a527-165498f730d4,botanical_garden,2026-02-14 00:30:00,405.7,148.7,12.9,4.336,,
612bcae7-1df0-428d-9a57-954ca1e7bc0a,botanical_garden,2026-02-14 00:45:00,404.8,148.2,12.9,4.336,,
5fbfd60b-9998-4595-a680-d7181836a285,botanical_garden,2026-02-14 01:00:00,404.7,148.7,12.8,4.336,,
9388f661-27b9-4ff4-ae77-b2c349947149,botanical_garden,2026-02-14 01:15:00,403.0,148.3,12.7,4.321,,
01c9ba1b-88b4-4ca6-8340-f8c90748cd1f,botanical_garden,2026-02-14 01:30:00,403.0,148.2,12.6,4.139,,
822cfd6f-90c2-4a4a-88fa-6d86cbbedcbd,botanical_garden,2026-02-14 01:45:00,404.0,148.5,12.5,4.124,,
b21a4d79-9673-4a97-a7fd-1fa668c69086,botanical_garden,2026-02-14 02:00:00,403.5,148.3,12.4,4.124,,
50e9eaf4-6855-4a5d-8b58-0c5284d8caf7,botanical_garden,2026-02-14 02:15:00,404.5,146.7,12.35,4.124,,
64e893cc-62e1-45e1-be46-07db9fa020a1,botanical_garden,2026-02-14 02:30:00,405.8,146.2,12.3,4.124,,
09624e09-99ed-4391-b142-08a5061d0c02,botanical_garden,2026-02-14 02:45:00,407.2,144.3,12.2,4.124,,
17118d4d-d14f-4edf-bb30-8df69c867d91,botanical_garden,2026-02-14 03:00:00,408.3,144.5,12.1,4.124,,
46f3c42c-decd-4f06-93ca-8942ffb605b2,botanical_garden,2026-02-14 03:15:00,408.7,142.8,12.0,4.124,,
d9e500f9-0eaf-4290-ab90-db1a579a0f32,botanical_garden,2026-02-14 03:30:00,410.3,144.3,12.0,4.109,,
1c1eaf02-c571-49e0-be57-1c2fde5ffe13,botanical_garden,2026-02-14 03:45:00,412.2,143.8,11.9,4.124,,
edcb861f-73c3-46ec-bd0f-7c24083000a6,botanical_garden,2026-02-14 04:00:00,416.8,141.8,11.9,4.124,,
3355c507-3848-4374-950a-68e5552f74a3,botanical_garden,2026-02-14 04:15:00,422.0,141.3,11.9,4.124,,
d8659b12-584c-4079-97e1-3c52723dfd20,botanical_garden,2026-02-14 04:30:00,429.0,142.3,11.9,4.124,,
ac384bd5-5120-4e84-bca9-df85f733722e,botanical_garden,2026-02-14 04:45:00,438.0,142.5,11.8,4.124,,
2de05242-b397-4abf-b694-2f0bebb58939,botanical_garden,2026-02-14 05:00:00,443.7,141.3,11.8,4.124,,
6edcdc92-6e87-4c2b-940d-9516456c14a5,botanical_garden,2026-02-14 05:15:00,450.3,140.0,11.7,4.124,,
30115f4e-074e-497a-9038-e5964103124f,botanical_garden,2026-02-14 05:30:00,456.3,140.7,11.7,4.124,,
4ef1fd22-231d-46b9-b7d0-2540e2e71a06,botanical_garden,2026-02-14 05:45:00,462.2,140.7,11.6,4.124,,
79f3cb20-672b-4013-957d-4838b9a1ea90,botanical_garden,2026-02-14 06:00:00,469.5,141.5,11.6,4.124,,
8836a238-a36a-4f77-b16a-788616a757e7,botanical_garden,2026-02-14 06:15:00,478.7,141.0,11.5,4.139,,
bcb68fdf-f78a-49d5-b480-96319b171ad2,botanical_garden,2026-02-14 06:30:00,486.3,140.7,11.5,4.124,,
13f5bb0e-7d78-4954-959e-9cfa27db838a,botanical_garden,2026-02-14 06:45:00,497.2,141.2,11.4,4.124,,
d27c9381-0549-433c-8629-5af71b5469ca,botanical_garden,2026-02-14 07:00:00,507.8,140.7,11.32,4.124,,
aa098e3b-00bc-4aee-923b-7df52a46ddef,botanical_garden,2026-02-14 07:15:00,515.2,140.3,11.3,4.124,,
124d6538-5d1f-45ef-8de1-f8bb89356c28,botanical_garden,2026-02-14 07:30:00,526.8,140.8,11.2,4.124,,
c1aed901-0a38-4354-aaba-ad8e222938a1,botanical_garden,2026-02-14 07:45:00,534.0,140.0,11.2,4.124,,
8f6d55e4-0ab4-41ba-9c01-07d0de395e56,botanical_garden,2026-02-14 08:00:00,543.0,141.0,11.1,4.109,,
49c4f9d1-2924-43fe-acfb-be9c2f327875,botanical_garden,2026-02-14 08:15:00,551.0,139.3,11.1,4.124,,
8215c711-8bf5-439f-81d2-4f5e36bf2b62,botanical_garden,2026-02-14 08:30:00,556.5,140.0,11.0,4.124,,
475d92c3-912e-4556-9932-ac9bf53a36d4,botanical_garden,2026-02-14 08:45:00,563.2,139.5,11.0,4.124,,
47f8f057-9611-4be1-8921-78e05e36927e,botanical_garden,2026-02-14 09:00:00,571.0,139.0,11.0,4.124,,
a1061f2a-d7b2-4e75-9310-615dd83594c2,botanical_garden,2026-02-14 09:15:00,576.5,140.5,10.9,4.124,,
22097bd5-0fb5-4862-a62d-db8d60b4c02a,botanical_garden,2026-02-14 09:45:00,588.7,139.7,10.9,4.124,,
70fc66e8-1393-43e7-a50a-22a6529cf998,botanical_garden,2026-02-14 10:00:00,593.2,140.0,10.8,4.124,,
b8046589-7a4e-47d4-ae80-36c83e835af0,botanical_garden,2026-02-14 10:15:00,598.3,139.7,10.8,4.124,,
be9d3c44-7834-46ed-9273-8c00574a6257,botanical_garden,2026-02-14 10:30:00,602.5,138.8,10.7,4.109,,
d072cafc-89f2-42dd-b279-795243b097eb,botanical_garden,2026-02-14 10:45:00,609.5,139.7,10.68,4.109,,
87c82938-05c0-450f-a1da-13536fe371d5,botanical_garden,2026-02-14 11:00:00,615.2,139.8,10.6,4.109,,
2383ea8e-9ada-4935-935a-812498f6a6d7,botanical_garden,2026-02-14 11:15:00,618.2,140.0,10.6,4.109,,
5f06080e-e4e6-4cd8-99ae-9579b924173f,botanical_garden,2026-02-14 11:30:00,622.0,139.2,10.5,4.109,,
85edeb7b-034a-48e6-92cd-07a44b9608b0,botanical_garden,2026-02-14 11:45:00,626.7,140.7,10.5,4.109,,
2be6003b-56d9-4f21-8ed1-22cfcb55cc5c,botanical_garden,2026-02-14 12:00:00,632.7,139.2,10.4,4.109,,
2597706d-f306-4510-9004-09657cb53f1d,botanical_garden,2026-02-14 12:15:00,635.3,139.0,10.4,4.109,,
37adda2e-4fe5-4430-8c48-0c78b143298e,botanical_garden,2026-02-14 12:30:00,637.3,139.8,10.3,4.109,,
3c60298e-db22-47e9-b9e7-775de98d8a59,botanical_garden,2026-02-14 12:45:00,640.8,140.0,10.3,4.109,,
eb7d272c-05d9-47cf-bda6-2e13d83a30e6,botanical_garden,2026-02-14 13:00:00,655.2,140.2,10.3,4.109,,
4ed4debd-5258-4338-bd95-8d97fb5d5617,botanical_garden,2026-02-14 13:15:00,657.2,139.2,10.3,4.109,,
679edcec-0793-458d-84ac-827258112155,botanical_garden,2026-02-14 13:30:00,661.5,138.2,10.3,4.124,,
15da2660-847f-40dd-8bc9-8edb7da552ae,botanical_garden,2026-02-14 13:45:00,664.0,139.3,10.3,4.124,,
7a11972e-5347-497e-9e6e-bbcdf98d12de,botanical_garden,2026-02-14 14:00:00,665.7,139.3,10.3,4.109,,
d24a696f-8043-4359-b27c-0c90d6acf8bf,botanical_garden,2026-02-14 14:15:00,668.0,138.8,10.4,4.109,,
79a556a9-389b-43eb-804c-80fc28a02b9c,botanical_garden,2026-02-14 14:30:00,669.7,138.3,10.4,4.109,,
53af5d9d-446d-4e0f-9d15-cfc12b44e3f0,botanical_garden,2026-02-14 14:45:00,670.7,139.8,10.4,4.094,,
194af664-9500-49db-9e9e-b7fa54cf218b,botanical_garden,2026-02-14 15:00:00,673.0,139.0,10.4,4.109,,
94d9136e-9019-4fa1-89d6-e8c4c8cfeb0f,botanical_garden,2026-02-14 15:15:00,673.2,139.7,10.4,4.109,,
ec9ef8ca-2b73-4eae-b9b1-769051480e2d,botanical_garden,2026-02-14 15:30:00,675.3,139.8,10.4,4.109,,
8a3de56b-6112-4e58-9316-573dfcd4c84f,botanical_garden,2026-02-14 15:45:00,676.3,140.2,10.4,4.2,,
e7a1a9c9-6630-4677-9fcd-c247883a0558,botanical_garden,2026-02-14 16:00:00,677.8,140.8,10.4,4.215,,
241e8a84-7048-4a4f-b63b-9189b4c7ebcb,botanical_garden,2026-02-14 16:15:00,679.3,139.5,10.5,4.23,,
222a232b-349e-4cfd-8e5a-61267e0710e9,botanical_garden,2026-02-14 16:30:00,679.5,139.7,10.5,4.23,,
927f5713-2508-4bf2-9f03-fc7c97093573,botanical_garden,2026-02-14 16:45:00,680.8,139.7,10.5,4.23,,
757aae2b-b2ed-4e3d-9861-bdb19806f288,botanical_garden,2026-02-14 17:00:00,683.0,142.5,10.6,4.245,,
58db41e4-07a0-4a27-ac7c-0117ba86e7d5,botanical_garden,2026-02-14 17:15:00,691.0,144.0,10.63,4.23,,
0f2e4fe9-233b-4f3f-a4d0-bcf465cbbf0a,botanical_garden,2026-02-14 17:30:00,697.8,143.8,10.7,4.23,,
5c44d02e-d21b-4112-a285-01a10bd2639f,botanical_garden,2026-02-14 17:45:00,705.0,145.7,10.8,4.23,,
78238bbe-dcb9-4e59-9309-8a5883348644,botanical_garden,2026-02-14 18:00:00,706.0,145.7,10.9,4.336,,
666f8a53-4d37-4f99-b0a6-d5fd2638f40a,botanical_garden,2026-02-14 18:15:00,693.3,146.2,11.0,4.336,,
47fe8bee-7397-4881-abbd-8729752340fa,botanical_garden,2026-02-14 18:30:00,668.2,146.8,11.1,4.336,,
5d1f0d4f-1c58-4156-bf18-3f338164f608,botanical_garden,2026-02-14 18:45:00,619.2,146.5,11.2,4.336,,
f3c9857f-c645-413c-a1ce-987e339a0625,botanical_garden,2026-02-14 19:15:00,546.3,147.5,11.4,4.336,,
d36fb3b9-7d7c-4ec7-976a-04754c828818,botanical_garden,2026-02-14 19:30:00,515.8,146.7,11.6,4.336,,
40522268-030e-4f05-8e75-9733b2197251,botanical_garden,2026-02-14 19:45:00,492.8,148.8,11.7,4.321,,
b7cb054f-782c-44d9-a32e-0130925f84e8,botanical_garden,2026-02-14 20:00:00,476.2,148.0,11.9,4.336,,
4c3ecc66-6603-401c-8456-3e6bd007a0c2,botanical_garden,2026-02-14 20:15:00,462.7,148.0,12.0,4.336,,
517737cc-8123-4681-a33e-71ada4f85d40,botanical_garden,2026-02-14 20:30:00,451.8,149.2,12.0,4.336,,
011c0a4a-ed63-4c5f-b48e-9a1b0b38d321,botanical_garden,2026-02-14 21:00:00,438.7,148.2,12.0,4.336,,
edfd9b30-cfe2-4255-90bc-27191f770872,botanical_garden,2026-02-14 21:15:00,433.7,148.8,12.0,4.336,,
b6816822-45aa-4c60-952a-228a6b5e0da4,botanical_garden,2026-02-14 21:30:00,431.2,149.8,12.1,4.336,,
abf759a8-824e-459e-b0dc-a7ae3948014f,botanical_garden,2026-02-14 21:45:00,429.0,148.8,12.1,4.336,,
18cc37ef-c0fe-4aa3-9bc7-7e775a5b5094,botanical_garden,2026-02-14 22:00:00,426.0,147.8,12.2,4.336,,
b16f9127-2d2c-4ec5-b7bf-201404197e83,botanical_garden,2026-02-14 22:15:00,425.2,149.5,12.2,4.336,,
794be6d9-d44c-49e9-897d-15b979ab5323,botanical_garden,2026-02-14 22:45:00,421.3,148.2,12.2,4.336,,
61a5cda3-1040-4139-a78f-9a1b84d047e5,botanical_garden,2026-02-14 23:00:00,418.0,149.3,12.2,4.336,,
fa45175d-92be-4ac1-a705-bb3419f88169,botanical_garden,2026-02-14 23:30:00,414.5,148.7,12.2,4.336,,
004d8b13-0f3e-4646-a91b-4a35c46750f9,botanical_garden,2026-02-14 23:45:00,413.5,148.8,12.2,4.336,,
89e0a32b-b660-4bad-9316-fe6143174aa7,botanical_garden,2026-02-15 00:00:00,412.3,148.2,12.2,4.139,,
57a532df-760b-456a-9c2d-bce700221118,botanical_garden,2026-02-15 00:15:00,411.5,148.2,12.2,4.124,,
02b2a4bc-d71d-4a95-b660-6eba374161ee,botanical_garden,2026-02-15 00:30:00,411.3,147.7,12.2,4.139,,
9c2d4a3d-ebd3-4b22-b6f2-fca03028deb7,botanical_garden,2026-02-15 00:45:00,409.7,148.2,12.1,4.124,,
8ae4e496-41fc-4d4d-8427-b607568c7417,botanical_garden,2026-02-15 01:00:00,409.5,148.5,12.1,4.124,,
79254cb4-77ba-4b21-b8f8-d7ccad6aa53c,botanical_garden,2026-02-15 01:15:00,408.7,149.2,12.1,4.124,,
d14ff886-3898-4c63-ad57-6b501db16c84,botanical_garden,2026-02-15 01:30:00,409.0,148.5,12.0,4.124,,
4dabaeb6-54f1-477d-9a11-12451691d85d,botanical_garden,2026-02-15 01:45:00,409.3,149.2,12.0,4.124,,
e64dbac7-61e0-4b3a-b562-1e3655160ec3,botanical_garden,2026-02-15 02:15:00,411.0,147.0,11.9,4.124,,
920c59d0-d42e-4fbd-a3c9-fce8b0bc6d07,botanical_garden,2026-02-15 02:30:00,411.3,145.5,11.9,4.124,,
b47248eb-c9e0-4b5a-aa18-8c395fae21dd,botanical_garden,2026-02-15 02:45:00,412.3,144.0,11.9,4.124,,
544a21ed-efe7-4976-af2a-2ba158f238a2,botanical_garden,2026-02-15 03:00:00,412.5,143.3,11.9,4.124,,
45c3edfe-435a-4734-af5b-68c8885819b4,botanical_garden,2026-02-15 03:15:00,412.8,144.3,11.9,4.124,,
b14067a4-4e77-46c5-b62c-56fba00b54f1,botanical_garden,2026-02-15 03:30:00,413.8,143.5,11.8,4.124,,
27f04510-cb67-468e-81cd-acb6172783bf,botanical_garden,2026-02-15 03:45:00,415.5,143.2,11.8,4.124,,
83dadd83-2b85-4a6a-a920-7a36068e65a4,botanical_garden,2026-02-15 04:00:00,417.7,141.8,11.8,4.124,,
7b189804-992d-4a39-bc41-8de0d9c9b6e9,botanical_garden,2026-02-15 04:15:00,420.0,142.5,11.8,4.124,,
cff4e67f-bdc2-4389-acda-85aa244d7d17,botanical_garden,2026-02-15 04:30:00,422.7,142.2,11.8,4.124,,
4b36a438-bea7-4cae-96e7-f802f20b7136,botanical_garden,2026-02-15 04:45:00,426.3,142.3,11.7,4.124,,
0dd0d1a9-48ae-477b-826a-81b0a4580ead,botanical_garden,2026-02-15 05:00:00,430.8,142.8,11.7,4.124,,
a2d881f7-e805-446a-8ea7-fac29dea2992,botanical_garden,2026-02-15 05:15:00,435.3,141.8,11.7,4.124,,
483fed40-5d27-4ae3-a42d-8343d07025dd,botanical_garden,2026-02-15 05:45:00,450.7,141.2,11.6,4.109,,
c28001c2-fabb-4e0f-954d-8eff336536f0,botanical_garden,2026-02-15 06:00:00,461.3,140.3,11.6,4.124,,
69e5d03e-24f0-4443-84bc-ee63334e0be8,botanical_garden,2026-02-15 06:15:00,468.2,140.3,11.6,4.124,,
9f39a6f4-ecda-4b9f-90c4-f7987bdfa14a,botanical_garden,2026-02-15 06:30:00,479.2,140.8,11.6,4.124,,
32c0198c-febf-4a5e-b665-77857462bb10,botanical_garden,2026-02-15 06:45:00,496.0,140.2,11.5,4.124,,
06383cd0-33e1-46ec-b848-0260956fe62f,botanical_garden,2026-02-15 07:00:00,506.7,139.8,11.5,4.109,,
675c88bd-ce35-4b11-adcc-caed30263ef2,botanical_garden,2026-02-15 07:15:00,519.2,139.0,11.48,4.124,,
4e8ac309-f655-4200-83f4-3713a9d52cdd,botanical_garden,2026-02-15 07:30:00,529.2,140.2,11.4,4.109,,
4d1691f3-c625-4096-b355-619ff76d2fc8,botanical_garden,2026-02-15 07:45:00,540.8,140.0,11.4,4.109,,
2681fd17-323e-42fa-8dfc-38176ed45448,botanical_garden,2026-02-15 08:00:00,549.7,140.2,11.3,4.109,,
096c1b11-2b6b-48c2-8d3d-281901dfbf1c,botanical_garden,2026-02-15 08:15:00,558.2,141.0,11.3,4.124,,
36f59f9d-2441-4ac0-be75-c8b5d5da328f,botanical_garden,2026-02-15 08:30:00,568.0,141.0,11.3,4.109,,
91a5d321-86a0-4492-96bc-bf4f7d2ba079,botanical_garden,2026-02-15 08:45:00,574.0,140.5,11.3,4.109,,
b3080e26-bf16-49f6-bab4-93923d7594b9,botanical_garden,2026-02-15 09:00:00,581.2,140.3,11.2,4.109,,
cbedd210-4681-4542-ae71-abf14859dd59,botanical_garden,2026-02-15 09:15:00,588.3,138.5,11.2,4.109,,
f110c5d1-b03f-44c3-8490-1486cc18d1d6,botanical_garden,2026-02-15 09:30:00,595.8,139.0,11.2,4.109,,
77563df7-f9b3-45ca-918d-9e130a148f88,botanical_garden,2026-02-15 09:45:00,602.7,139.7,11.2,4.109,,
9b0ade72-bc61-4957-9bc3-32502222dce1,botanical_garden,2026-02-15 10:00:00,607.5,140.0,11.2,4.109,,
420bf3b2-1122-4a6f-8fd2-d137c2153e59,botanical_garden,2026-02-15 10:15:00,614.0,141.0,11.2,4.109,,
5772e3c7-6027-4f40-bb4e-a1fe8000271b,botanical_garden,2026-02-15 10:30:00,620.2,141.2,11.2,4.094,,
fe92c2f3-81ab-4d19-9e8b-2bdab4ac59a1,botanical_garden,2026-02-15 10:45:00,624.8,141.0,11.2,4.109,,
00a94183-d130-4b8b-8c72-ab14b12515d3,botanical_garden,2026-02-15 11:00:00,629.8,139.8,11.2,4.109,,
8118b32d-3bf4-4b9d-b9c1-30921d5e68a6,botanical_garden,2026-02-15 11:15:00,635.0,140.5,11.1,4.109,,
63bc350d-2196-4eb5-884c-7a0c93cbfe28,botanical_garden,2026-02-15 11:30:00,639.0,140.3,11.1,4.109,,
af802e1e-6fd4-48cb-8410-9c28dfe7241d,botanical_garden,2026-02-15 11:45:00,641.8,140.2,11.1,4.109,,
c54bfb0b-dd17-42c4-8965-a321eaa0d168,botanical_garden,2026-02-15 12:00:00,646.7,140.0,11.1,4.109,,
6775f125-11b0-41ac-8417-1bf1b2838ab1,botanical_garden,2026-02-15 12:15:00,651.8,140.7,11.1,4.109,,
74bc3910-1e60-4c8e-985d-9a3c99db9e1b,botanical_garden,2026-02-15 12:30:00,656.5,139.7,11.0,4.109,,
678778da-9f3a-4510-8b91-ad0fd661be37,botanical_garden,2026-02-15 12:45:00,660.0,140.7,11.0,4.109,,
799f88b0-483e-4034-b351-8c60674dd8d3,botanical_garden,2026-02-15 13:00:00,663.7,141.2,11.0,4.109,,
2d4313a8-306d-4186-be30-dc0eee2b24fd,botanical_garden,2026-02-15 13:15:00,665.8,140.3,10.9,4.109,,
0defcef7-ac49-4936-9449-b3f3fdde9cdf,botanical_garden,2026-02-15 13:30:00,667.7,140.3,10.9,4.109,,
9af3382e-28d2-41b7-959a-7fecfe2b55c0,botanical_garden,2026-02-15 13:45:00,669.8,139.8,10.9,4.109,,
a56d4d5a-fadf-4af4-a1a3-94436962fa92,botanical_garden,2026-02-15 14:00:00,671.8,139.3,10.8,4.109,,
d7ffe0cf-fa23-47c1-a902-e35474ee1401,botanical_garden,2026-02-15 14:15:00,674.0,139.5,10.8,4.109,,
6700e3cb-4c9b-414a-a482-be447325dcea,botanical_garden,2026-02-15 14:30:00,674.8,139.7,10.8,4.109,,
a1e2b4ab-954d-49b7-b886-e55beebe669e,botanical_garden,2026-02-15 14:45:00,677.0,139.8,10.8,4.109,,
b312b665-aba1-4505-be78-71f39592f37f,botanical_garden,2026-02-15 15:00:00,678.2,140.2,10.8,4.109,,
e25a5b26-73f4-4877-b8a3-d5e2414d2653,botanical_garden,2026-02-15 15:15:00,679.5,139.7,10.7,4.109,,
e46e0503-f569-4915-902d-d91110a6b085,botanical_garden,2026-02-15 15:30:00,681.0,139.3,10.7,4.109,,
dccebaa1-0187-4a8b-816f-5087b040cbe0,botanical_garden,2026-02-15 15:45:00,683.8,139.3,10.7,4.215,,
bfeca099-b6be-4991-8472-1ed806085a4f,botanical_garden,2026-02-15 16:00:00,684.5,138.0,10.7,4.23,,
0f7db222-b13b-4eb1-a546-8ffc9d228f61,botanical_garden,2026-02-15 16:15:00,686.0,139.7,10.7,4.23,,
c06fbc77-6a4e-4a2b-8c72-d19c8b569648,botanical_garden,2026-02-15 16:30:00,687.2,139.7,10.7,4.23,,
a1c89007-6136-4a3b-8ad8-6ff49c3e3e7d,botanical_garden,2026-02-15 16:45:00,688.0,140.0,10.7,4.23,,
c8981059-f1a8-450a-966e-9cb9c9698aa4,botanical_garden,2026-02-15 17:00:00,689.2,141.3,10.7,4.245,,
c91074a5-a60a-4f6b-abd4-762cfd3a375a,botanical_garden,2026-02-15 17:15:00,695.8,145.0,10.8,4.245,,
2d684d47-4d24-4b72-af2f-4c8231449e98,botanical_garden,2026-02-15 17:30:00,702.0,144.3,10.9,4.23,,
fd23b694-46d1-4f8e-9cc7-75cf48fbd284,botanical_garden,2026-02-15 17:45:00,711.3,145.0,10.9,4.23,,
6a75c309-2b6a-46bb-918d-44680e490c28,botanical_garden,2026-02-15 18:00:00,719.2,147.2,11.0,4.23,,
d4c9ea64-2c93-4f63-8cf4-6daa9f7b0ccc,botanical_garden,2026-02-15 18:15:00,711.8,146.0,11.1,4.23,,
ed85c977-ab23-4392-a0ea-eaa51f62a373,botanical_garden,2026-02-15 18:30:00,672.5,146.0,11.1,4.23,,
4f17a2ec-54da-4060-ad0c-648c83c242f9,botanical_garden,2026-02-15 18:45:00,622.3,146.7,11.3,4.336,,
a94cef24-975b-48fc-840e-010ed9098567,botanical_garden,2026-02-15 19:00:00,574.8,146.5,11.4,4.336,,
d481f837-6049-4a0d-8b3a-29fa6c34a10f,botanical_garden,2026-02-15 19:15:00,542.3,146.8,11.5,4.321,,
c0030eb8-98b2-4576-8d3c-afed114d0587,botanical_garden,2026-02-15 19:30:00,511.7,146.5,11.6,4.336,,
20fb1d1b-7218-45a8-9f27-fffb03364aca,botanical_garden,2026-02-15 19:45:00,488.5,147.0,11.7,4.321,,
b9e3ec56-5c5a-4a28-ac68-89acf9b55d1e,botanical_garden,2026-02-15 20:00:00,473.2,148.5,11.7,4.336,,
88e563ef-deaa-46c6-b83e-58a05f09a4a3,botanical_garden,2026-02-15 20:15:00,461.8,147.5,11.7,4.336,,
c312ee3d-4428-4db3-a169-908e07eecf77,botanical_garden,2026-02-15 20:30:00,449.3,146.0,11.8,4.336,,
75d592ce-8835-4243-a1df-2ffb11471772,botanical_garden,2026-02-15 20:45:00,441.3,147.8,11.8,4.336,,
596ade9c-c64c-4a8e-897a-f476e18fbee1,botanical_garden,2026-02-15 21:00:00,434.7,147.3,11.9,4.321,,
577733dd-8084-4407-bfc9-7c34a85166d9,botanical_garden,2026-02-15 21:15:00,430.3,147.0,12.0,4.336,,
07a7e355-6801-4b3d-9e5a-24ca052bb0cb,botanical_garden,2026-02-15 21:45:00,425.3,146.0,12.5,4.336,,
a4a56874-8b1f-4e85-aa25-49237e895a0d,botanical_garden,2026-02-15 22:00:00,423.0,147.0,12.7,4.336,,
736041a7-538f-4032-85f2-701594bf62c9,botanical_garden,2026-02-15 22:15:00,421.8,147.3,12.8,4.336,,
ce29ae10-56bc-4582-801a-167ba099a830,botanical_garden,2026-02-15 22:30:00,420.8,148.5,12.9,4.321,,
1f1a4fe4-96e6-4855-a004-d649c439bfe5,botanical_garden,2026-02-15 22:45:00,419.0,148.3,12.9,4.336,,
78dab6a8-182f-438e-a719-d117072f6746,botanical_garden,2026-02-15 23:00:00,417.5,148.2,12.8,4.336,,
c520850d-02fc-43c6-8e3c-fb002e46f947,botanical_garden,2026-02-15 23:15:00,414.8,149.2,12.8,4.321,,
2eca1760-4da4-468a-a4dc-df2e67c81de9,botanical_garden,2026-02-15 23:30:00,413.5,149.7,12.7,4.23,,
e07ee614-6a10-46d2-bfcc-3554daa46b3e,botanical_garden,2026-02-15 23:45:00,411.0,149.0,12.65,4.23,,
3a3093d0-f920-413c-aa3a-1f0421743c3a,botanical_garden,2026-02-16 00:00:00,407.8,149.8,12.6,4.215,,
0f2b5c24-469a-4254-9c42-4781a43b6891,botanical_garden,2026-02-16 00:15:00,401.8,150.3,12.5,4.139,,
05e59359-3d24-483d-bf8b-8e59227f55a6,botanical_garden,2026-02-16 00:30:00,401.8,149.8,12.5,4.139,,
ddbf97b3-446f-46d6-9f2a-cf2159c975c6,botanical_garden,2026-02-16 00:45:00,400.3,148.3,12.4,4.124,,
a8371c89-94aa-4c57-b615-6942fc6a6b74,botanical_garden,2026-02-16 01:00:00,400.0,148.5,12.4,4.139,,
40cadecf-3d65-4863-8a0b-df782f034af6,botanical_garden,2026-02-16 01:15:00,399.0,148.3,12.3,4.124,,
7c85cad6-855a-4a4e-aeee-cae1fc381fe6,botanical_garden,2026-02-16 01:30:00,398.8,147.3,12.3,4.124,,
f3ec7a47-0845-49aa-8c2e-043b1781ad96,botanical_garden,2026-02-16 02:00:00,395.8,148.0,12.2,4.124,,
92b8130a-8970-4927-ace5-4d4e0e48bc03,botanical_garden,2026-02-16 02:15:00,394.8,147.0,12.1,4.139,,
b89c0460-d299-4b60-a723-be467443365c,botanical_garden,2026-02-16 02:30:00,395.8,147.3,12.1,4.124,,
152a4800-7f90-4b12-8b14-2ded1a979b78,botanical_garden,2026-02-16 02:45:00,399.5,145.5,12.1,4.124,,
84a4428c-aae8-4417-bcb8-f6a136b006cf,botanical_garden,2026-02-16 03:00:00,396.2,143.0,12.0,4.139,,
3660cd5a-e43b-49b5-8759-7c4b5a406035,botanical_garden,2026-02-16 03:15:00,396.7,143.2,12.0,4.124,,
fb44c9fd-b174-4944-a82a-17b0705a5bb3,botanical_garden,2026-02-16 03:30:00,398.0,143.5,12.0,4.124,,
b12cfb07-251b-4074-8914-627048ddaded,botanical_garden,2026-02-16 03:45:00,401.8,145.2,12.0,4.109,,
c87f342c-420e-4f3f-ac7d-e22e559c14f1,botanical_garden,2026-02-16 04:30:00,335.7,152.7,11.9,4.124,,
4c2d6d66-d11c-44c8-8c97-2fad8a182c76,botanical_garden,2026-02-16 04:45:00,353.0,152.2,11.9,4.124,,
ee352a34-bb92-4eed-a4d8-ee23805fc2ad,botanical_garden,2026-02-16 05:00:00,366.7,151.0,11.9,4.124,,
02f99eb2-5141-4c1a-b910-a87628d38ee7,botanical_garden,2026-02-16 05:15:00,386.3,150.2,11.8,4.124,,
84d4369f-eb0c-4a8d-ba88-d0831c26425c,botanical_garden,2026-02-16 05:30:00,399.0,149.2,11.8,4.124,,
aad320c5-7e85-49a7-a819-50da1ebca086,botanical_garden,2026-02-16 05:45:00,408.0,148.3,11.8,4.109,,
ab956e25-b3dd-4509-9af7-8c172019f409,botanical_garden,2026-02-16 06:15:00,435.0,147.7,11.7,4.124,,
b02a06e7-39f8-4a0a-b69e-0fb2889057fd,botanical_garden,2026-02-16 06:30:00,448.8,147.0,11.7,4.124,,
c01ae26a-3c23-4a86-9a96-73fe6a515b58,botanical_garden,2026-02-16 06:45:00,456.8,146.7,11.7,4.124,,
c089ed07-386d-4bdb-accf-244307e20401,botanical_garden,2026-02-16 07:00:00,466.0,148.0,11.7,4.109,,
5350d045-0ebd-4d38-9b88-be19b3f3a0c7,botanical_garden,2026-02-16 07:15:00,476.2,146.5,11.6,4.124,,
7c0094a0-025a-4886-857b-d281c6611178,botanical_garden,2026-02-16 07:30:00,484.2,146.2,11.6,4.124,,
613d1ea7-7d39-44b3-a544-fd1fc2863302,botanical_garden,2026-02-16 07:45:00,492.8,145.3,11.6,4.109,,
1f15bc92-c507-4a7a-9fac-af4a037be907,botanical_garden,2026-02-16 08:00:00,499.3,145.7,11.5,4.109,,
86def50a-c03e-4de1-b5b2-d5f78fd5eac5,botanical_garden,2026-02-16 08:15:00,506.7,144.2,11.5,4.124,,
09a9b40c-99ea-4995-ac1f-38a0548ebae8,botanical_garden,2026-02-16 08:30:00,512.8,144.3,11.5,4.124,,
f43517cc-b221-4d43-9d9f-84f671f756a7,botanical_garden,2026-02-16 08:45:00,520.0,145.2,11.5,4.109,,
04a079ef-1a9e-4f6b-bc01-b2b2dfa47b0d,botanical_garden,2026-02-16 09:00:00,524.3,144.7,11.5,4.109,,
3b1eb22c-484a-4353-882c-9f4822105f1d,botanical_garden,2026-02-16 09:15:00,530.5,145.5,11.4,4.109,,
5a732fdd-76a8-4084-af8e-42a8f9f82a21,botanical_garden,2026-02-16 09:30:00,527.7,149.3,11.4,4.109,,
d0549c52-46d6-4b56-94e7-8c267491ebba,botanical_garden,2026-02-16 09:45:00,510.2,150.7,11.4,4.109,,
0cd53843-b1d4-49d7-83ef-e6820c489418,botanical_garden,2026-02-16 10:00:00,476.3,152.3,11.33,4.109,,
6b6de260-5a63-4622-98a9-971955cf7f7a,botanical_garden,2026-02-16 10:15:00,444.5,153.3,11.3,4.124,,
fe56760d-bef8-4dcf-bce8-7f9e481f08f4,botanical_garden,2026-02-16 10:30:00,423.8,155.0,11.3,4.109,,
70ed6f48-b4da-4c21-95b1-68981a483097,botanical_garden,2026-02-16 11:00:00,364.0,165.3,11.2,4.109,,
3e886638-e1c5-4df6-b6c7-0233e1eb7413,botanical_garden,2026-02-16 11:15:00,318.8,166.8,11.2,4.109,,
84bedaf2-c450-4961-b34a-88f1abe89a94,botanical_garden,2026-02-16 11:30:00,335.8,164.8,11.1,4.094,,
17b41a2f-0a01-45ab-b0fb-7ce068430f08,botanical_garden,2026-02-16 11:45:00,342.7,163.7,11.2,4.124,,
1c6139d1-872e-44cc-ac42-187043d5c8f0,botanical_garden,2026-02-16 12:00:00,353.3,165.5,11.2,4.109,,
6ff881a8-553e-4196-988b-20aa5cfa1758,botanical_garden,2026-02-16 12:15:00,348.7,165.8,11.2,4.109,,
8efd1549-6a5c-4666-9cc2-e2587bf19fb2,botanical_garden,2026-02-16 12:30:00,355.7,165.2,11.2,4.124,,
6f921e9c-b995-462b-aa42-b5b7bf0d798c,botanical_garden,2026-02-16 12:45:00,361.5,168.0,11.2,4.109,,
7c719152-e278-4d6b-8323-72108b4a0b5f,botanical_garden,2026-02-16 13:00:00,339.0,173.5,11.2,4.109,,
78a37463-ce5b-471b-80da-225ee2e21f51,botanical_garden,2026-02-16 13:15:00,331.2,169.3,11.17,4.109,,
d43e2f81-0ed7-4bfe-b84c-fdd099d71f57,botanical_garden,2026-02-16 13:30:00,330.0,177.7,11.1,4.109,,
2d655bdc-fc18-4d24-be61-93097b7137ee,botanical_garden,2026-02-16 13:45:00,294.2,179.2,11.1,4.109,,
b7c6ee03-2656-4e3d-bcf8-2591866c5dfb,botanical_garden,2026-02-16 14:15:00,322.5,175.3,11.2,4.109,,
12ca6f7a-b8f6-40ce-af7e-4c751d3266ec,botanical_garden,2026-02-16 14:30:00,332.5,173.7,11.2,4.109,,
2bf52bf0-ddc3-4714-91f1-2e6bcbb2c2d5,botanical_garden,2026-02-16 14:45:00,341.2,173.8,11.2,4.109,,
d6df3879-fbe3-41d6-a837-75d4449a8a58,botanical_garden,2026-02-16 15:00:00,347.0,171.7,11.2,4.109,,
7cc91d11-a9ca-454f-b257-a0a60a70be1d,botanical_garden,2026-02-16 15:15:00,353.5,170.7,11.2,4.109,,
d0a9d0ed-75d1-47af-81b0-0a1a2441f696,botanical_garden,2026-02-16 15:30:00,352.0,170.5,11.2,4.109,,
820593d6-e93a-4a06-8944-4806173262ca,botanical_garden,2026-02-16 15:45:00,347.0,170.5,11.2,4.094,,
724d6beb-161c-4c8a-910c-8c017ebf17d6,botanical_garden,2026-02-16 16:00:00,348.8,170.0,11.2,4.109,,
9f70fcd4-eb18-47c7-9b03-e43bd3d6c85c,botanical_garden,2026-02-16 16:15:00,354.5,170.2,11.2,4.094,,
faafc83e-c50f-4770-a404-7e6af83c29a3,botanical_garden,2026-02-16 16:30:00,357.5,169.0,11.2,4.109,,
1c5c19ef-fc37-4a3a-9a54-a9d804d92724,botanical_garden,2026-02-16 16:45:00,358.8,169.7,11.2,4.109,,
8f83c9ae-5974-406b-9e30-4b3086a2769c,botanical_garden,2026-02-16 17:00:00,362.0,169.7,11.2,4.215,,
65369adf-10d5-4db7-a630-4fb329494553,botanical_garden,2026-02-16 17:15:00,362.8,168.7,11.2,4.109,,
8bd03985-dbb3-4fd0-ad86-a58e36e69188,botanical_garden,2026-02-16 17:30:00,360.5,169.5,11.2,4.215,,
c1b5fc94-3680-4fc2-bcd4-8b8082910c51,botanical_garden,2026-02-16 17:45:00,355.5,168.8,11.2,4.215,,
1a2ad29f-8920-4e9d-a7ff-95db1d31daad,botanical_garden,2026-02-16 18:00:00,350.0,170.2,11.2,4.245,,
ec3a7835-3bfa-4768-8533-44ee1a7ce370,botanical_garden,2026-02-16 18:15:00,353.0,170.0,11.3,4.23,,
687f1733-5912-46ec-bc31-788617de095f,botanical_garden,2026-02-16 18:30:00,353.0,169.8,11.3,4.23,,
dd94176d-a482-4c12-a3e0-4f1c7d4752ec,botanical_garden,2026-02-16 18:45:00,352.8,168.5,11.4,4.23,,
86a143cf-be58-48f0-955f-bf0163a91908,botanical_garden,2026-02-16 19:00:00,356.3,166.7,11.4,4.23,,
84cf11a1-579c-48b5-bdf8-774d35db8d6e,botanical_garden,2026-02-16 19:15:00,354.5,166.8,11.4,4.23,,
c278e895-86d3-4442-a455-de28adba95d6,botanical_garden,2026-02-16 19:30:00,361.2,165.3,11.4,4.23,,
8fb9843e-5217-42c0-928d-c6a9e50f6207,botanical_garden,2026-02-16 19:45:00,361.3,165.0,11.4,4.23,,
f6b11374-7e15-4336-8d4f-eb35378ab19a,botanical_garden,2026-02-16 20:15:00,374.2,165.2,11.4,4.245,,
28fb0368-e2fc-4fa3-97f2-f0c4ce83ca49,botanical_garden,2026-02-16 20:30:00,376.3,165.2,11.4,4.23,,
171c1c83-a7a5-4ad9-a68b-bf0a4d72bf86,botanical_garden,2026-02-16 20:45:00,370.2,165.5,11.4,4.23,,
075f558d-02bc-47b9-9b21-e09217391e77,botanical_garden,2026-02-16 21:15:00,354.5,167.5,11.4,4.23,,
c73e478c-3f66-4a4b-97ce-3898a33a2743,botanical_garden,2026-02-16 21:30:00,328.0,177.7,11.4,4.23,,
019ee590-4304-4d95-b6a4-922593e67f75,botanical_garden,2026-02-16 21:45:00,299.7,174.5,11.4,4.245,,
bbbe3e92-0511-41db-9f39-775e59fae495,botanical_garden,2026-02-16 22:15:00,314.7,172.3,11.5,4.245,,
488ff40d-09ab-427e-8d8c-0ae0093adc6d,botanical_garden,2026-02-16 22:30:00,327.3,170.5,11.5,4.23,,
5425096e-a297-4e8c-918d-977b2ebca6a5,botanical_garden,2026-02-16 22:45:00,338.3,172.7,11.58,4.23,,
7c38d01e-5a6a-4b6d-bacb-9d7bf7def189,botanical_garden,2026-02-16 23:30:00,356.0,168.8,11.5,4.245,,
ca15429e-6770-44a8-a5e0-5f5ac3a1b3f1,botanical_garden,2026-02-16 23:45:00,360.2,167.5,11.5,4.215,,
f9106d9c-c5e4-4c20-aa70-e49d2a58b316,botanical_garden,2026-02-17 00:00:00,363.2,168.0,11.5,4.23,,
be84f81c-0b26-4222-b10f-5135c41edf05,botanical_garden,2026-02-17 00:15:00,366.5,167.5,11.5,4.215,,
24b86575-968b-42ac-b63a-8cb848900296,botanical_garden,2026-02-17 00:30:00,368.7,167.8,11.4,4.109,,
440bbbbd-0c52-475d-a55c-bac14502c399,botanical_garden,2026-02-17 00:45:00,371.5,165.7,11.4,4.215,,
6dd0b0a7-9ad1-4b6c-a4f7-274b591baa1a,botanical_garden,2026-02-17 01:00:00,376.7,165.7,11.4,4.215,,
8f7357d4-8e09-4f83-9f51-a7c8996b7306,botanical_garden,2026-02-17 01:15:00,379.7,165.3,11.3,4.124,,
8ce85f0e-4f54-4034-bb09-c4db7ac567ae,botanical_garden,2026-02-17 01:30:00,382.8,165.0,11.3,4.109,,
29b84ac9-882f-416b-9425-342ce2dbd60c,botanical_garden,2026-02-17 01:45:00,385.0,164.2,11.3,4.109,,
b186e132-cc84-463d-a4ab-bb4d6215fb0b,botanical_garden,2026-02-17 02:15:00,389.2,161.2,11.3,4.124,,
50fafea0-b06b-47c1-8e8e-b707586ad837,botanical_garden,2026-02-17 02:30:00,392.7,159.8,11.23,4.124,,
13c5bffc-b519-4eec-bcb3-da0efdda9db9,botanical_garden,2026-02-17 02:45:00,399.0,158.8,11.2,4.124,,
ffa794ac-719c-49e3-8e29-154057842274,botanical_garden,2026-02-17 03:00:00,410.7,161.0,11.2,4.124,,
4a6b0097-cbaf-45c5-a023-78ddfaf7dd53,botanical_garden,2026-02-17 03:15:00,365.5,182.7,11.1,4.109,,
826a538f-4643-446c-820e-415ab2c865b6,botanical_garden,2026-02-17 03:30:00,177.0,227.3,10.7,4.109,,
0f555d0e-4205-4c26-aecc-d15a8687281a,botanical_garden,2026-02-17 04:00:00,245.8,209.7,11.0,4.109,,
24c426a4-80a9-4b9d-896a-3c6020fe4a70,botanical_garden,2026-02-17 04:15:00,275.0,204.3,11.1,4.109,,
843823fa-04b5-4aaa-8c7c-19b812426a2b,botanical_garden,2026-02-17 04:30:00,286.2,200.3,11.1,4.109,,
f5e6fd59-2313-4ac6-a1ed-690243c0d77a,botanical_garden,2026-02-17 04:45:00,291.0,195.3,11.0,4.094,,
ab956b26-55a7-411b-a9c2-34c002a4fae6,botanical_garden,2026-02-17 05:00:00,300.8,193.5,11.0,4.109,,
ab1d49aa-b898-4f6b-9ea7-9d5fb31af0db,botanical_garden,2026-02-17 05:45:00,326.2,184.5,10.7,4.109,,
f40d8561-d80f-4de9-81ad-2f80d757b556,botanical_garden,2026-02-17 06:00:00,334.8,183.5,10.7,4.109,,
efdd2781-d2b4-40fb-9792-16441cf1371b,botanical_garden,2026-02-17 06:15:00,345.3,180.8,10.6,4.109,,
366ab6b6-b929-4c4f-b6a7-c051bbb7664c,botanical_garden,2026-02-17 06:30:00,353.3,179.0,10.6,4.109,,
036eb3aa-07f5-4212-a7b4-b4c8a8c4f2dd,botanical_garden,2026-02-17 06:45:00,358.3,177.3,10.5,4.109,,
7e67bf83-49d6-4c2a-b202-db7ea69b20b2,botanical_garden,2026-02-17 07:00:00,363.2,175.5,10.5,4.094,,
70fc0ca6-2bcc-44e8-837b-596b8df91ce9,botanical_garden,2026-02-17 07:15:00,366.3,174.2,10.48,4.094,,
9b3dfb66-5a12-4f84-85b7-86e3fe015cee,botanical_garden,2026-02-17 07:30:00,369.5,173.0,10.43,4.109,,
2662c5cc-9288-4533-9c78-f7343f54b1b9,botanical_garden,2026-02-17 07:45:00,376.0,172.2,10.45,4.094,,
f6d64f81-ceed-487d-b01e-c0cb4a3a0558,botanical_garden,2026-02-17 08:00:00,380.3,171.8,10.4,4.094,,
11066062-6036-4dce-968c-1d30ee8e22b4,botanical_garden,2026-02-17 08:15:00,383.2,170.8,10.4,4.109,,
4806ac64-df2a-4e0a-bd6c-a7eae0a2079c,botanical_garden,2026-02-17 08:30:00,386.5,170.0,10.4,4.094,,
9bf91be4-27d8-402d-a616-d4a99fead708,botanical_garden,2026-02-17 08:45:00,390.0,168.8,10.4,4.094,,
e09bdcab-3547-41b6-a18a-c67f1aa75ed7,botanical_garden,2026-02-17 09:00:00,391.7,167.3,10.4,4.094,,
b191580f-b0f8-4ae6-9f8e-648d5dfadec8,botanical_garden,2026-02-17 09:15:00,393.5,167.3,10.3,4.109,,
bfa46b26-cba7-4192-8924-b6c2239fd379,botanical_garden,2026-02-17 09:30:00,396.5,166.3,10.3,4.094,,
afe3ff48-d24b-4b27-8f7a-234d9d813b4c,botanical_garden,2026-02-17 09:45:00,397.2,164.8,10.3,4.094,,
f8572270-b5d8-4038-99d8-29bafe4644eb,botanical_garden,2026-02-17 10:00:00,391.8,164.5,10.3,4.094,,
4e51ceca-a903-466c-8288-8a3cb2cd09e2,botanical_garden,2026-02-17 10:15:00,394.7,164.7,10.3,4.094,,
6b13b165-02ef-4937-87fe-296ba23fe8b4,botanical_garden,2026-02-17 10:45:00,399.5,162.7,10.3,4.078,,
2b5857db-2e84-43f6-b64b-5e859f8540b9,botanical_garden,2026-02-17 11:00:00,401.0,162.3,10.3,4.094,,
71d75c39-4c1e-4f4b-82aa-e62757deaef3,botanical_garden,2026-02-17 11:15:00,405.2,161.7,10.3,4.094,,
3735caee-a1bb-4982-b309-ccf38dc6e535,botanical_garden,2026-02-17 11:45:00,410.5,160.5,10.3,4.094,,
57310081-c528-4b84-bd37-ae0c6e765716,botanical_garden,2026-02-17 12:00:00,414.8,160.7,10.3,4.094,,
1a920386-ac39-41e7-a02a-a03cb457f717,botanical_garden,2026-02-17 12:15:00,417.2,158.7,10.3,4.094,,
13b71cae-78a1-4490-810a-7d5a3a74119c,botanical_garden,2026-02-17 12:30:00,420.3,158.8,10.2,4.094,,
def8372f-f4d6-4fd3-921b-245703f7289f,botanical_garden,2026-02-17 12:45:00,424.0,157.5,10.2,4.094,,
2d0ebc7b-1e62-4ff1-846f-1f93e78fbaa3,botanical_garden,2026-02-17 13:00:00,426.3,159.0,10.2,4.094,,
d2d040e7-3999-450b-b93a-07d78793f263,botanical_garden,2026-02-17 13:15:00,429.2,158.5,10.2,4.094,,
8d777522-f50e-48d4-9c4a-9dfb42a625b5,botanical_garden,2026-02-17 13:30:00,432.5,158.5,10.2,4.094,,
f257d72b-7fc9-49ad-a369-d465e913b47a,botanical_garden,2026-02-17 13:45:00,435.5,157.0,10.2,4.094,,
341082f0-a6ae-4769-a906-b03ec24d947a,botanical_garden,2026-02-17 14:00:00,432.5,157.2,10.2,4.094,,
6573d829-2734-47ac-b78a-5ef2cde62fb6,botanical_garden,2026-02-17 14:15:00,434.8,159.0,10.2,4.094,,
93995476-37b5-437a-94d1-632573a40541,botanical_garden,2026-02-17 14:30:00,436.8,157.0,10.2,4.094,,
c17afbdf-2951-4b2f-8e3e-30ec2d5f7422,botanical_garden,2026-02-17 14:45:00,439.2,156.8,10.2,4.094,,
ed1f5137-00f5-4397-a213-7a05424f1e24,botanical_garden,2026-02-17 15:00:00,440.2,156.2,10.2,4.094,,
6882aaba-0974-4ac6-a927-1a7c7106badb,botanical_garden,2026-02-17 15:15:00,443.3,156.0,10.2,4.094,,
65f725a9-0267-446f-b83f-af3534b65954,botanical_garden,2026-02-17 15:30:00,445.3,156.5,10.2,4.094,,
0c893323-8dd8-468f-a1da-1569d31e1d2a,botanical_garden,2026-02-17 15:45:00,441.7,162.0,10.2,4.094,,
3a976748-27bc-410d-9e77-ea0215fe23a5,botanical_garden,2026-02-17 16:00:00,340.3,172.3,9.85,4.094,,
cde84d96-9959-492d-83d9-c22d03964dd2,botanical_garden,2026-02-17 16:30:00,362.3,164.2,9.9,4.094,,
e527be8b-aa47-400e-8991-72ecf4e57ab1,botanical_garden,2026-02-17 16:45:00,280.5,200.8,9.8,4.094,,
64acdcec-6525-4308-8270-eb7fa057b8d0,botanical_garden,2026-02-17 17:00:00,269.8,185.2,9.6,4.094,,
56095a8d-508f-4716-8f9c-5ed1e53e961c,botanical_garden,2026-02-17 17:15:00,282.2,182.8,9.9,4.078,,
e8d425d3-fbe1-4445-9822-3e7bcadae1c6,botanical_garden,2026-02-17 17:30:00,300.5,183.0,10.1,4.078,,
9b520815-7151-4614-8461-66883b338b4a,botanical_garden,2026-02-17 17:45:00,305.8,183.3,10.1,4.094,,
d2de94bd-30c5-4820-9c1c-386304062b89,botanical_garden,2026-02-17 18:30:00,276.8,191.2,10.0,4.215,,
d4af9534-05dc-4f7a-9e81-204855eed1e1,botanical_garden,2026-02-17 19:15:00,289.0,190.3,10.2,4.094,,
51e2fa74-72b0-4f62-b425-9be916d9d7fc,botanical_garden,2026-02-17 20:00:00,269.0,198.5,10.2,4.215,,
e354ecbc-cff3-4f63-8deb-1d0bb23a3d85,botanical_garden,2026-02-17 20:30:00,273.8,200.2,10.2,4.078,,
9d9b9d8f-8031-4e4d-b7b3-75bb93f78626,botanical_garden,2026-02-17 22:30:00,280.0,201.2,10.4,4.2,,
a34375ae-745f-49d4-92ab-70e35c0a65c5,botanical_garden,2026-02-17 23:15:00,280.5,198.0,10.4,4.078,,
13a2db98-a1b7-494e-ba37-ec5246d2d28b,botanical_garden,2026-02-17 23:30:00,280.5,198.2,10.3,4.2,,
144d1bcb-0d20-46ca-a595-2c462d96a370,botanical_garden,2026-02-18 03:00:00,254.5,209.7,10.2,4.063,,
f557a0c2-dc2e-4d68-9eff-f33f1deee1c3,botanical_garden,2026-02-18 03:15:00,243.2,217.5,9.9,4.048,,
3ac5d834-668a-4991-a617-f8ec37399fbf,botanical_garden,2026-02-18 03:45:00,259.5,210.0,10.0,4.063,,
e6c59c81-cad9-4206-8857-1a396f6d2367,botanical_garden,2026-02-18 04:00:00,251.3,211.2,10.0,4.063,,
cade7016-1c5f-43ca-838c-56044c4df326,botanical_garden,2026-02-18 04:15:00,250.0,211.0,10.0,4.048,,
6e24f719-85bd-4d6c-a37c-51c6d7ee323d,botanical_garden,2026-02-18 04:30:00,253.5,212.3,9.98,4.063,,
5a7008a4-a7b2-44c6-b177-817389b2a664,botanical_garden,2026-02-18 04:45:00,253.0,212.0,9.9,4.063,,
d19bb64e-3927-43df-92c0-c6b3e95ac73b,botanical_garden,2026-02-18 05:00:00,252.0,211.8,9.9,4.063,,
fe5b5c43-a725-44cf-87af-b963f820adf0,botanical_garden,2026-02-18 06:45:00,251.2,207.3,9.6,4.048,,
5fc61984-cb4c-425a-bf5a-8c3fab4072b8,botanical_garden,2026-02-18 07:15:00,255.5,205.2,9.6,4.048,,
5fbe14fb-e1b1-43b6-a845-575e85b1ebd3,botanical_garden,2026-02-18 07:30:00,257.5,203.7,9.6,4.048,,
c2298bbf-8058-4286-9a1e-617e2894ead1,botanical_garden,2026-02-18 07:45:00,260.7,203.2,9.5,4.048,,
4ceae47a-b26e-4c04-8fa7-2e939fec034c,botanical_garden,2026-02-18 08:00:00,262.3,201.5,9.5,4.048,,
5b579564-a483-4f49-99b6-8b536f04a676,botanical_garden,2026-02-18 08:15:00,265.8,199.3,9.48,4.033,,
77a983a0-01cf-4522-a6ec-ba88ba15611b,botanical_garden,2026-02-18 09:00:00,270.8,197.3,9.4,4.048,,
b4a91e7a-e8f1-4642-a209-cb6ef8066f2b,botanical_garden,2026-02-18 09:15:00,269.5,196.7,9.4,4.048,,
959cd771-63e7-4c73-806d-adabbd84b183,botanical_garden,2026-02-18 09:30:00,268.2,196.3,9.3,4.048,,
5ba484a3-3966-4754-82d7-eb523724b547,botanical_garden,2026-02-18 09:45:00,282.8,194.5,9.3,4.048,,
0ebeeeaf-abe5-45a8-b077-3179019baa7d,botanical_garden,2026-02-18 10:00:00,283.5,192.7,9.3,4.048,,
f194b9e5-77c7-4d4c-b259-b1dcf1f756a0,botanical_garden,2026-02-18 10:15:00,282.0,193.0,9.2,4.048,,
17594d54-400c-4c1e-8e5a-7c4534b67bbe,botanical_garden,2026-02-18 10:30:00,285.7,192.0,9.2,4.048,,
14699737-d678-4f57-ad43-724a76157d34,botanical_garden,2026-02-18 10:45:00,287.8,190.5,9.2,4.048,,
c7343ef3-36ce-4662-8712-3823fabc65cd,botanical_garden,2026-02-18 11:00:00,289.2,189.8,9.1,4.048,,
3f89cfc9-e2ff-48cf-a6ab-4967f044e241,botanical_garden,2026-02-18 11:15:00,292.3,188.8,9.1,4.048,,
d03edf87-4b2d-4a1d-ab07-b54a0568ca9f,botanical_garden,2026-02-18 11:30:00,294.7,187.8,9.0,4.048,,
489f560e-797e-4741-b365-dc5fc0abacd7,botanical_garden,2026-02-18 11:45:00,296.0,187.0,9.0,4.048,,
22d91d11-3708-4902-b287-a4e8d7a4fa91,botanical_garden,2026-02-18 12:00:00,299.2,186.7,9.0,4.048,,
cfd1f3ef-2f13-4246-ab49-cea6459a4c87,botanical_garden,2026-02-18 12:15:00,301.7,186.0,8.9,4.048,,
d7c10bb2-c457-412b-8946-f90b13ab1515,botanical_garden,2026-02-18 12:30:00,305.8,184.2,8.9,4.048,,
7ddd8f42-e5fd-4be0-949a-f5dc608ab33b,botanical_garden,2026-02-18 12:45:00,311.3,184.0,8.9,4.048,,
8fa3ab47-6b34-4584-9d0c-b37d92eef867,botanical_garden,2026-02-18 13:00:00,310.5,183.0,8.9,4.048,,
7c8e640b-935b-4307-a742-0512fc289dab,botanical_garden,2026-02-18 13:15:00,312.5,181.8,8.8,4.048,,
e40be0cc-1bcd-42a3-aa2b-a92dd08a1cc7,botanical_garden,2026-02-18 13:30:00,311.8,181.7,8.8,4.048,,
bf9970f6-5392-49fc-960d-fba25fe05ee0,botanical_garden,2026-02-18 14:00:00,314.7,180.0,8.8,4.048,,
0e944f3a-4489-42f0-93cf-ab5288172fa5,botanical_garden,2026-02-18 14:15:00,318.0,180.0,8.7,4.033,,
f47b1952-3be9-4110-bd16-0c7f94891d25,botanical_garden,2026-02-18 14:45:00,323.7,176.5,8.7,4.048,,
26577d3a-b401-4b91-952e-4ac90f1aa35b,botanical_garden,2026-02-18 15:00:00,326.2,177.0,8.67,4.048,,
eff0af2d-a3c5-46a8-b27c-a8114e989903,botanical_garden,2026-02-18 15:15:00,328.5,176.8,8.6,4.048,,
cee3fb2b-c022-44e0-9582-a20caf22259a,botanical_garden,2026-02-18 15:45:00,330.7,173.8,8.6,4.048,,
55cada87-1952-4b51-bd19-c653bf055ed9,botanical_garden,2026-02-18 16:00:00,332.7,175.5,8.6,4.094,,
ef705512-700a-4e5a-b739-f6c31b6ad1b2,botanical_garden,2026-02-18 17:00:00,336.0,175.7,8.9,4.245,,
1aef466e-7bff-4df4-a32e-9b3f30a3ddf9,botanical_garden,2026-02-18 17:15:00,336.5,175.0,9.0,4.245,,
5087e975-73c2-43c2-94ae-ac2e7b23bd6d,botanical_garden,2026-02-18 18:45:00,337.3,175.0,9.4,4.245,,
dd2778a9-dfdd-471f-a11b-80ec03726bef,botanical_garden,2026-02-18 19:45:00,331.7,175.2,9.6,4.23,,
eb9d9b61-7d1a-4693-9658-41016de6f2c1,botanical_garden,2026-02-18 20:45:00,315.8,176.2,9.8,4.23,,
e014c6a0-d0b5-4aec-87d8-4ad9221429fb,botanical_garden,2026-02-18 21:15:00,327.8,175.3,10.3,4.23,,
fa09ae04-3cec-42e6-9252-59416d16a397,botanical_garden,2026-02-18 21:45:00,330.2,174.7,10.3,4.321,,
b329cd73-b2d8-462b-934c-702320a5f7ae,botanical_garden,2026-02-18 22:15:00,334.0,172.5,10.4,4.321,,
80960780-379c-4ee2-9f32-8626ae7e7662,botanical_garden,2026-02-18 22:30:00,335.2,173.0,10.4,4.336,,
9fc42760-3f28-4622-bac0-0943fbd95550,botanical_garden,2026-02-18 23:00:00,337.0,172.3,10.4,4.321,,
59621e7b-6e4b-495c-ade6-ed61f35d98c5,botanical_garden,2026-02-18 23:30:00,340.2,171.8,10.4,4.336,,
3e5f827e-2ac2-4f5c-84e5-cdef30805479,botanical_garden,2026-02-18 23:45:00,339.7,172.0,10.3,4.336,,
55d37a02-910f-4a52-b716-9579aec08812,botanical_garden,2026-02-19 00:00:00,337.3,172.3,10.3,4.336,,
8aa2fd28-5d21-4ba2-a721-ddf438a57d3e,botanical_garden,2026-02-19 00:15:00,337.2,169.8,10.2,4.321,,
061f824f-d30e-447e-be3a-f9d2ba0caac2,botanical_garden,2026-02-19 00:30:00,338.2,170.0,10.1,4.321,,
e277a7c8-eb44-4b5c-8465-58300d56bd1b,botanical_garden,2026-02-19 01:45:00,342.3,168.5,9.9,4.124,,
76fe0d14-e858-42d0-b484-088c0885fef6,botanical_garden,2026-02-19 02:00:00,344.0,168.0,9.9,4.124,,
c881dcd7-583a-48a4-b8be-40646123ceab,botanical_garden,2026-02-19 02:15:00,349.0,167.2,9.9,4.124,,
0cf28c86-a94b-4944-b469-f584134343eb,botanical_garden,2026-02-19 02:45:00,359.5,165.5,9.8,4.124,,
cdc87555-42fc-4387-94d7-183a913762b0,botanical_garden,2026-02-19 03:00:00,363.0,166.2,9.8,4.124,,
4e4203e2-3e02-4be9-b67e-870d6d42e30c,botanical_garden,2026-02-19 03:15:00,365.3,166.8,9.8,4.124,,
42104011-e8c1-49e6-bb1b-56088db1f341,botanical_garden,2026-02-19 03:30:00,366.5,166.8,9.7,4.124,,
3c83de28-743e-404e-aa9b-693c08d238bb,botanical_garden,2026-02-19 03:45:00,368.0,166.0,9.7,4.109,,
5b4fff1d-ded1-4147-b715-5885f44d66ef,botanical_garden,2026-02-19 04:00:00,364.7,172.2,9.63,4.109,,
896ad68b-4207-4390-a0eb-b61acee9b4a3,botanical_garden,2026-02-19 04:15:00,348.8,168.8,9.6,4.109,,
0a8170ac-5964-4e3d-8ff0-6e2fdb10ea17,botanical_garden,2026-02-19 05:00:00,322.8,174.5,9.3,4.109,,
677ec1cb-39c6-4e08-932e-50c326db35db,botanical_garden,2026-02-19 05:15:00,336.7,173.3,9.4,4.109,,
47232dba-2753-4d3d-a924-293954db9bac,botanical_garden,2026-02-19 05:30:00,339.7,172.8,9.5,4.109,,
d1ab78c3-8808-42b2-b5a4-aa95313b2d9e,botanical_garden,2026-02-19 05:45:00,340.3,171.0,9.5,4.109,,
91f9aaa5-3258-44fc-84bc-54f0625ef72d,botanical_garden,2026-02-19 06:00:00,346.5,170.8,9.5,4.109,,
b0807b8d-dc4f-4519-b602-f950d3a6ba95,botanical_garden,2026-02-19 06:30:00,352.2,169.0,9.5,4.109,,
1bdfcf8a-3291-4f24-b1c7-7b7ab552bfb8,botanical_garden,2026-02-19 06:45:00,355.0,169.7,9.5,4.124,,
37ca8a43-8c01-4aea-91af-a4b251c8c301,botanical_garden,2026-02-19 07:00:00,357.2,169.0,9.5,4.109,,
03446c01-d614-4f33-8d63-5da96dbdcc3e,botanical_garden,2026-02-19 07:45:00,363.7,169.0,9.5,4.109,,
58ff8ae4-13f1-492d-ab00-ea33583e45b0,botanical_garden,2026-02-19 08:00:00,365.7,169.0,9.5,4.109,,
e2879bef-7284-4909-8679-c38bfabdf183,botanical_garden,2026-02-19 08:15:00,367.5,168.3,9.5,4.109,,
46f9c607-0b60-4725-8065-f43f8a81bea4,botanical_garden,2026-02-19 08:30:00,369.2,169.2,9.5,4.109,,
cffe9b34-24b3-435b-9be7-e31b41435237,botanical_garden,2026-02-19 08:45:00,370.0,168.2,9.5,4.109,,
e145c5de-4cf2-45ae-ba49-350ce900ca80,botanical_garden,2026-02-19 09:00:00,369.8,167.5,9.5,4.094,,
14bef16d-0007-4863-bcb4-4a33c25f36af,botanical_garden,2026-02-19 09:15:00,371.0,169.3,9.5,4.109,,
e27618f8-73a1-411a-ac88-0048b29f03c4,botanical_garden,2026-02-19 09:30:00,371.0,168.0,9.5,4.109,,
9be9945f-8f9d-44e4-8954-d9d9b72ffe80,botanical_garden,2026-02-19 09:45:00,369.0,170.3,9.5,4.094,,
9ba38da8-a1b4-4af3-bebf-39862e59c9eb,botanical_garden,2026-02-19 10:00:00,357.3,173.2,9.5,4.109,,
63dd3279-fafa-45bc-8289-44a300a4e0bd,botanical_garden,2026-02-19 10:15:00,319.0,183.3,9.4,4.109,,
12066c54-79d6-414e-bc45-9d914bc45dc3,botanical_garden,2026-02-19 10:30:00,251.2,200.0,9.1,4.109,,
d3652633-d310-48fe-9729-c3684788c980,botanical_garden,2026-02-19 10:45:00,196.3,220.7,8.9,4.094,,
ce14c9db-12ef-4cbb-b233-2fae568e1d7b,botanical_garden,2026-02-19 11:00:00,182.3,225.8,8.7,4.094,,
831212fc-65f6-4bae-b9d1-cada8372b271,botanical_garden,2026-02-19 11:15:00,211.2,223.8,9.0,4.109,,
c771ee9d-4446-4df0-bb2f-05d7f50d620f,botanical_garden,2026-02-19 11:30:00,225.2,222.2,9.3,4.109,,
3b78f737-72f4-4ca3-a3ac-0674796aebdb,botanical_garden,2026-02-19 11:45:00,224.8,225.8,9.3,4.094,,
18d43f1a-99d7-492a-9286-5762c312243f,botanical_garden,2026-02-19 12:00:00,226.8,224.8,9.37,4.094,,
535162d7-a975-4c81-8ff4-053fd9690686,botanical_garden,2026-02-19 12:15:00,230.7,222.2,9.4,4.094,,
b882f07d-392b-40e3-b507-6ea7d5aa37d4,botanical_garden,2026-02-19 12:30:00,223.2,229.5,9.4,4.109,,
9a827e9a-1d9c-4c84-a7b4-194ab82a10d9,botanical_garden,2026-02-19 12:45:00,226.0,228.8,9.4,4.109,,
f8fd3b8a-db28-4f91-90c6-0d6931b35b08,botanical_garden,2026-02-19 13:00:00,227.3,226.3,9.4,4.109,,
ec39f9cd-eb7d-40cc-90ac-0431ec75ce14,botanical_garden,2026-02-19 13:15:00,226.5,223.8,9.4,4.094,,
1d4f85ab-db59-4ea0-b12d-3bdb7338966f,botanical_garden,2026-02-19 13:30:00,230.2,222.3,9.5,4.094,,
38337a88-f816-494e-9390-f970ccfb76b4,botanical_garden,2026-02-19 13:45:00,228.3,225.8,9.5,4.094,,
a33a39ee-dc30-461c-b7c9-9f2a516a276c,botanical_garden,2026-02-19 15:15:00,217.5,223.7,9.5,4.094,,
e8a384de-7169-4879-9bef-bf8b699d7926,botanical_garden,2026-02-19 15:30:00,221.3,222.5,9.5,4.094,,
ca8acd54-4552-4977-bd54-7ee88c96dcef,botanical_garden,2026-02-19 16:45:00,226.5,217.2,9.5,4.23,,
de12a047-b85a-4c4c-9f7b-17bbc5150eab,botanical_garden,2026-02-19 17:00:00,224.7,216.8,9.57,4.23,,
e4436219-deb1-46bf-83b6-b21f5b483b73,botanical_garden,2026-02-19 17:15:00,229.0,214.8,9.6,4.245,,
aa492494-324b-42f9-a779-f979409ca49c,botanical_garden,2026-02-19 18:00:00,235.0,212.7,9.7,4.23,,
4dab5bea-30c1-460d-8bc5-3983644f4140,botanical_garden,2026-02-19 18:15:00,235.2,212.2,9.7,4.23,,
2fdb0327-aac8-477b-8ae7-98a320107d7e,botanical_garden,2026-02-19 18:45:00,242.0,208.7,9.7,4.23,,
58e28f62-6a2b-4b5b-9338-3d9a8df7af4f,botanical_garden,2026-02-19 19:00:00,241.5,208.8,9.8,4.23,,
1349b046-2500-494a-b502-ebd4c906272f,botanical_garden,2026-02-19 19:15:00,243.0,207.5,9.83,4.321,,
fa79575b-2f80-4bb3-a1d4-6944af706efe,botanical_garden,2026-02-19 19:45:00,246.0,206.8,10.0,4.321,,
aa3027a8-6d5e-45d0-a098-d0ac491256d4,botanical_garden,2026-02-19 20:00:00,245.2,205.3,10.1,4.336,,
f44f4165-ef87-40f3-a21f-9584e395d23b,botanical_garden,2026-02-19 20:30:00,250.2,204.8,10.13,4.336,,
50657d96-655c-41ae-865c-e0feff31b975,botanical_garden,2026-02-19 20:45:00,254.0,201.0,10.2,4.336,,
1331fa85-c15d-4295-b21c-732b638f5728,botanical_garden,2026-02-19 21:00:00,253.3,202.8,10.4,4.336,,
32e6582c-aa14-451a-8950-04b2e5eca893,botanical_garden,2026-02-19 21:15:00,259.0,202.5,10.2,4.336,,
4d83d30a-2847-4165-b721-050ce26c8740,botanical_garden,2026-02-19 21:30:00,261.8,200.7,10.3,4.336,,
e8f77fcf-619a-4233-90fc-3c3d2f2b415f,botanical_garden,2026-02-19 22:00:00,268.8,198.0,10.5,4.336,,
5bf164db-2c1d-4729-ae4e-546046e5ff61,botanical_garden,2026-02-19 22:30:00,271.8,199.2,10.32,4.336,,
d41e1332-197c-45f6-8fe5-49c5ff01bcff,botanical_garden,2026-02-19 22:45:00,269.3,197.7,10.3,4.336,,
580e6271-3c0b-43ba-94b7-c07264efd7a0,botanical_garden,2026-02-19 23:30:00,271.2,195.2,10.5,4.336,,
378c7ba7-c897-441b-81f4-b5a48cf97958,botanical_garden,2026-02-19 23:45:00,273.3,195.5,10.5,4.336,,
6158c1b6-0d8d-48bd-a2b9-1eb55515e83a,botanical_garden,2026-02-20 00:00:00,273.8,194.0,10.5,4.336,,
eda21c83-a8af-42d2-95da-0fa86a2294c0,botanical_garden,2026-02-20 00:15:00,273.3,195.2,10.4,4.336,,
315d8f9b-5658-4483-a346-c05e7fc7d74c,botanical_garden,2026-02-20 00:30:00,276.5,192.3,10.3,4.336,,
9c526087-3e51-49fa-9932-1ce2b72ea9f3,botanical_garden,2026-02-20 00:45:00,278.5,193.2,10.2,4.336,,
31a80096-8d9e-47fb-a119-1caf73850209,botanical_garden,2026-02-20 01:00:00,282.3,191.0,10.2,4.23,,
3b10a4a1-2063-488f-af42-94f0d344e7ad,botanical_garden,2026-02-20 01:15:00,284.0,191.3,10.1,4.215,,
892bb924-8068-4dbc-94eb-1e095dedd354,botanical_garden,2026-02-20 02:00:00,286.8,187.0,9.9,4.124,,
ad3e7af2-25af-45eb-8900-331f7da53d6c,botanical_garden,2026-02-20 02:15:00,292.0,187.3,9.9,4.124,,
046f913f-0e89-4402-becf-c50a6dc4ca6a,botanical_garden,2026-02-20 02:30:00,296.2,187.5,9.8,4.124,,
7acf06bd-6f47-4382-9c9d-39e93538d503,botanical_garden,2026-02-20 02:45:00,301.3,186.2,9.8,4.124,,
6f63ee33-2d88-4034-be89-a5ef9864e04b,botanical_garden,2026-02-20 03:15:00,307.3,183.8,9.7,4.124,,
cc0789dd-5a85-470f-a64d-b0cacfdca9ac,botanical_garden,2026-02-20 03:30:00,310.5,184.7,9.6,4.124,,
e4906b71-1921-44ca-9d39-e0fe29f68885,botanical_garden,2026-02-20 04:00:00,315.8,183.3,9.5,4.124,,
c65cc687-1c56-4eb5-86f3-3c7a0dce6484,botanical_garden,2026-02-20 04:15:00,316.2,182.7,9.4,4.109,,
02445b68-3895-4715-84ab-b670c9741b50,botanical_garden,2026-02-20 04:30:00,317.7,182.7,9.4,4.124,,
089219f3-dea2-409a-bff0-dd739671bad8,botanical_garden,2026-02-20 04:45:00,320.7,182.7,9.3,4.124,,
be9efb3d-48eb-4a42-a3e6-e8950c2d842b,botanical_garden,2026-02-20 05:00:00,322.0,181.0,9.3,4.124,,
f4de0cf0-87c8-46bc-8448-6f541ceed97a,botanical_garden,2026-02-20 05:15:00,321.5,180.3,9.2,4.109,,
066d8292-7baa-426f-a3f8-79082faa0799,botanical_garden,2026-02-20 05:30:00,321.8,180.2,9.2,4.124,,
8bbf8b95-139a-446e-9eac-972920065925,botanical_garden,2026-02-20 05:45:00,324.7,178.7,9.2,4.124,,
44549e88-719a-4055-a79e-7106d8c0decf,botanical_garden,2026-02-20 06:00:00,326.0,178.5,9.1,4.109,,
065890a4-f8d1-4efd-8248-064e9fc12c51,botanical_garden,2026-02-20 06:15:00,323.5,178.7,9.1,4.109,,
ea9eadf2-d8e3-485c-962d-4aaab2490420,botanical_garden,2026-02-20 06:30:00,328.7,179.0,9.0,4.124,,
44104e5d-787c-4ff6-8f1c-9f24653e8d93,botanical_garden,2026-02-20 06:45:00,331.8,178.3,9.0,4.124,,
ad209eb7-d4dd-469b-ad54-092f25bb1457,botanical_garden,2026-02-20 07:00:00,331.5,177.2,8.9,4.124,,
732abd2e-7f42-499c-847a-42e6c79d7d67,botanical_garden,2026-02-20 07:15:00,332.8,176.2,8.9,4.124,,
0edf43da-ec00-4a13-b79d-9ed90778b647,botanical_garden,2026-02-20 07:30:00,335.2,176.8,8.9,4.124,,
a9695dbc-abe1-40b7-bfb6-e7c4554425fb,botanical_garden,2026-02-20 07:45:00,336.0,176.2,8.8,4.124,,
42aac08a-4d1f-40a6-80d3-edd7b6f8a54f,botanical_garden,2026-02-20 08:00:00,339.3,175.5,8.8,4.124,,
640a6079-1e67-46db-a970-1cb1d72c5059,botanical_garden,2026-02-20 08:15:00,341.0,175.0,8.8,4.124,,
4835dce2-f979-4abf-bc6c-71b517df2f71,botanical_garden,2026-02-20 08:30:00,343.8,176.0,8.7,4.124,,
80ec4195-44f7-4c3e-aa95-39f531b8322d,botanical_garden,2026-02-20 08:45:00,346.7,174.8,8.7,4.124,,
9ebbbcaf-507c-48fe-b13f-04d43cf6bd9b,botanical_garden,2026-02-20 09:00:00,348.7,174.5,8.6,4.124,,
a4f53e0c-2187-4f06-85f3-abde95b1b691,botanical_garden,2026-02-20 09:15:00,341.0,173.3,8.6,4.139,,
e86d3982-9115-4d42-8fb8-def1053e093e,botanical_garden,2026-02-20 09:30:00,343.0,174.2,8.6,4.109,,
5f6f9d38-ef88-400b-8449-2e4c8b2af033,botanical_garden,2026-02-20 09:45:00,344.7,173.3,8.6,4.124,,
a3e1d382-7b88-4316-95b3-279faebf6efe,botanical_garden,2026-02-20 10:00:00,345.3,172.7,8.5,4.109,,
1bd5c7c5-7efb-412f-8163-3f36297e1259,botanical_garden,2026-02-20 10:15:00,347.3,171.5,8.5,4.109,,
11edfd20-2f0a-4ea5-9454-c20ca7270c83,botanical_garden,2026-02-20 10:30:00,348.5,171.7,8.5,4.109,,
60a0aea0-b899-4830-a0c1-e025bb9912bf,botanical_garden,2026-02-20 10:45:00,350.3,172.3,8.4,4.124,,
f16cfe75-b641-485b-9e65-dfdde7820423,botanical_garden,2026-02-20 11:00:00,351.2,172.0,8.4,4.109,,
5ca2ee5f-9f5a-4348-a813-b3df38c799e6,botanical_garden,2026-02-20 11:15:00,352.5,169.7,8.4,4.109,,
945cbd85-59c7-4d07-a5d5-21e2eebc5044,botanical_garden,2026-02-20 11:30:00,352.7,170.5,8.4,4.109,,
c3fc9a4c-ad16-44d6-a5cd-d6bc11a3b3e2,botanical_garden,2026-02-20 11:45:00,355.2,170.8,8.3,4.109,,
de16cfd0-2767-4afb-a395-fcd0dded0672,botanical_garden,2026-02-20 12:00:00,358.2,169.3,8.3,4.109,,
cd367465-7c64-49c8-8e5b-a3969cf3838e,botanical_garden,2026-02-20 12:15:00,359.8,170.2,8.3,4.109,,
2cb206cd-7865-4a8e-885c-597f39e8025a,botanical_garden,2026-02-20 12:30:00,360.2,169.2,8.3,4.109,,
7e052f10-161b-42f6-bffc-4e30b9117127,botanical_garden,2026-02-20 12:45:00,358.0,169.3,8.2,4.109,,
cc849fb1-76ef-46c2-a115-dab47f7fe54f,botanical_garden,2026-02-20 13:00:00,358.8,169.8,8.2,4.109,,
fe71d2f9-58a3-4bc6-a1c6-f50edb3023fb,botanical_garden,2026-02-20 13:15:00,360.7,168.7,8.2,4.109,,
81094fed-c055-4355-b6c9-77155807c6ef,botanical_garden,2026-02-20 13:30:00,363.8,168.8,8.2,4.109,,
9fd01d44-7da0-428a-9fa8-d1459669856a,botanical_garden,2026-02-20 13:45:00,364.7,168.7,8.2,4.109,,
961a4a9b-3764-4ccc-aeb0-d69bb960f90c,botanical_garden,2026-02-20 14:00:00,361.2,169.0,8.2,4.109,,
1aa42cfe-9fe3-4c96-ad38-abf9ca44574c,botanical_garden,2026-02-20 14:15:00,359.5,168.8,8.1,4.109,,
366181e5-9a5a-4890-8848-fa7e5df667b6,botanical_garden,2026-02-20 14:30:00,362.7,167.8,8.1,4.109,,
904423d9-57ea-4bf6-b4b2-9929f3436c19,botanical_garden,2026-02-20 14:45:00,362.8,167.8,8.1,4.109,,
35e4615c-3e0c-4b0d-adbc-9785f7be554c,botanical_garden,2026-02-20 15:00:00,365.0,167.0,8.05,4.109,,
22485b1b-1859-434a-b9a2-489b9676dd9b,botanical_garden,2026-02-20 15:15:00,365.3,167.0,8.0,4.109,,
5cab9879-94f2-4684-b0e8-613c8bfa7a49,botanical_garden,2026-02-20 15:30:00,359.2,167.0,8.0,4.215,,
f8a8e98f-5360-4a77-9a56-5baab7816e98,botanical_garden,2026-02-20 15:45:00,360.2,167.5,8.0,4.215,,
056654df-2088-4ad2-afa4-d0c972df9ae8,botanical_garden,2026-02-20 16:00:00,361.7,166.2,8.1,4.23,,
228cfd76-c665-4fa1-95e3-8a5bcbcb7aab,botanical_garden,2026-02-20 16:15:00,362.8,167.2,8.1,4.245,,
e82d2394-8817-4db5-9ef1-d6b714885fe8,botanical_garden,2026-02-20 16:30:00,365.7,167.2,8.2,4.245,,
cb91d60f-c5b8-413a-a2be-49b0705b5e24,botanical_garden,2026-02-20 16:45:00,361.3,167.3,8.3,4.245,,
b1a2b12e-fb19-4f6b-851f-b550829ddc28,botanical_garden,2026-02-20 17:00:00,357.7,167.5,8.4,4.23,,
f9ea1f4e-406f-4308-87e5-bc3274855be6,botanical_garden,2026-02-20 17:30:00,346.5,168.2,8.6,4.245,,
7fc9a1ee-7186-494f-989a-faa803cba3d6,botanical_garden,2026-02-20 17:45:00,345.0,167.7,8.7,4.23,,
06dbddb3-0eb1-4f1f-9c56-f5b412139e6a,botanical_garden,2026-02-20 18:00:00,343.0,167.5,8.8,4.321,,
a6e27d43-8aeb-4917-8432-7c2c02d3a751,botanical_garden,2026-02-20 18:15:00,341.2,167.7,8.9,4.336,,
2746df3b-be0d-4698-92d3-e89c02805dd6,botanical_garden,2026-02-20 18:30:00,341.2,167.5,9.0,4.336,,
575a69e3-9c9a-4514-a89c-f6100d3decd9,botanical_garden,2026-02-20 18:45:00,340.8,168.5,9.1,4.336,,
d6ad47d2-d2a0-4e6f-992f-03fd1511f415,botanical_garden,2026-02-20 19:00:00,341.0,167.8,9.1,4.336,,
8e5212b1-65f5-4dce-95b2-133f2a8d603d,botanical_garden,2026-02-20 19:15:00,340.7,167.3,9.2,4.336,,
23f214fc-cbe7-4b62-b3af-f6e3732827ef,botanical_garden,2026-02-20 19:30:00,340.8,167.3,9.3,4.336,,
789ba617-47a5-4bdf-b608-417ee7594731,botanical_garden,2026-02-20 19:45:00,340.5,167.8,9.6,4.336,,
8d44ab29-f7ba-4917-b7cf-fc61b46195ea,botanical_garden,2026-02-20 20:00:00,340.2,168.2,9.8,4.336,,
e8093452-b93a-43be-b6fe-5bb739bb0219,botanical_garden,2026-02-20 20:15:00,343.7,165.8,10.0,4.336,,
3ad5fab3-b2ad-416f-a7d8-cc47f346f806,botanical_garden,2026-02-20 20:30:00,344.7,167.7,10.2,4.336,,
1d6b0967-628d-4204-a4c6-40cbc3744749,botanical_garden,2026-02-20 20:45:00,345.3,168.5,10.2,4.336,,
bf61feb8-0ba2-44ee-8958-31f2b7545389,botanical_garden,2026-02-20 21:00:00,346.0,167.5,10.3,4.336,,
c038a680-2629-4d03-bf78-cd8e8a79594b,botanical_garden,2026-02-20 21:15:00,346.0,167.0,10.2,4.336,,
441062a5-2487-402c-9bbd-f529bd927c70,botanical_garden,2026-02-20 21:30:00,346.2,167.3,10.2,4.336,,
0eb3c9cb-b79a-4d7d-9c23-50ec5726822a,botanical_garden,2026-02-20 21:45:00,346.5,167.0,10.2,4.336,,
5611974f-ec2f-4bc4-8c4e-6ee9a1e44fb1,botanical_garden,2026-02-20 22:00:00,347.2,166.0,10.2,4.336,,
995f2e77-de58-433f-af3c-58297face73c,botanical_garden,2026-02-20 22:15:00,348.7,166.7,10.2,4.336,,
fc0f4b41-d0b3-43d1-83df-54720af8728e,botanical_garden,2026-02-20 22:30:00,349.8,167.0,10.4,4.336,,
34646a3d-e3e5-4b9c-bb4c-6a5528419ba5,botanical_garden,2026-02-20 22:45:00,350.2,166.8,10.5,4.336,,
47581634-3ec2-4fbf-95df-051c6e1966b5,botanical_garden,2026-02-20 23:00:00,351.3,166.7,10.6,4.336,,
a57f0daa-ab32-47d8-90d8-c339752782dc,botanical_garden,2026-02-20 23:15:00,352.0,166.0,10.7,4.336,,
2d27a790-5d49-47da-9564-bc19ca4880ad,botanical_garden,2026-02-20 23:30:00,352.8,166.3,10.7,4.336,,
7119ecff-91b3-40e7-ac08-1e26662e6f7e,botanical_garden,2026-02-20 23:45:00,355.3,166.3,10.7,4.336,,
ec951420-0c5a-498b-9f7b-c09a93946705,botanical_garden,2026-02-21 00:00:00,356.7,167.0,10.6,4.336,,
44391424-e5be-4812-afef-97cec544641a,botanical_garden,2026-02-21 00:15:00,355.8,167.0,10.5,4.336,,
8f08e62f-a9d7-498c-81f2-354cc7fc5673,botanical_garden,2026-02-21 00:30:00,357.8,165.2,10.4,4.336,,
964783bd-179c-440e-86b1-aa804bcdb22f,botanical_garden,2026-02-21 00:45:00,359.8,166.3,10.3,4.23,,
5acd95a0-4da8-46b7-a774-d89b6c368f4a,botanical_garden,2026-02-21 01:00:00,360.8,166.5,10.3,4.215,,
2b2035b0-6984-445e-a783-94467ff3c537,botanical_garden,2026-02-21 01:15:00,360.2,165.8,10.2,4.215,,
5a6b26eb-3729-4b86-ace5-a11c3000580a,botanical_garden,2026-02-21 01:30:00,360.8,165.5,10.1,4.139,,
ffe23129-1eed-4142-8fef-35ee6b24f6c1,botanical_garden,2026-02-21 01:45:00,360.8,165.2,10.1,4.124,,
237a87a6-1d44-4e32-b5ad-96f64df1e8f0,botanical_garden,2026-02-21 02:00:00,362.5,163.2,10.0,4.124,,
8d5d81b0-39dd-4c28-a1df-22b14916af8f,botanical_garden,2026-02-21 02:15:00,367.0,162.7,9.9,4.124,,
3ea8c474-c34c-4493-bcba-199c7e115d1e,botanical_garden,2026-02-21 02:30:00,374.0,162.0,9.9,4.124,,
ed980e2c-4f6f-46a4-b644-3d75fa3890de,botanical_garden,2026-02-21 02:45:00,380.0,162.8,9.73,4.124,,
a788ea9b-fa0c-4a4d-8f2a-d5c99206a2cb,botanical_garden,2026-02-21 03:00:00,385.0,162.8,9.6,4.124,,
6a8612b3-8fa0-4d8f-801f-0e5710603931,botanical_garden,2026-02-21 03:15:00,389.2,162.7,9.5,4.124,,
1f3d4705-e223-4620-9ac9-4424e8817b99,botanical_garden,2026-02-21 03:30:00,392.8,162.2,9.43,4.124,,
e137c20a-b14d-49cc-9633-f37fc1019395,botanical_garden,2026-02-21 03:45:00,395.7,161.3,9.4,4.124,,
873e46b7-3f7d-4d38-879d-38cb36cc19d9,botanical_garden,2026-02-21 04:00:00,398.8,161.7,9.3,4.124,,
eca43186-96cf-4250-b055-836978ac7542,botanical_garden,2026-02-21 04:15:00,400.7,160.0,9.2,4.124,,
3caacc41-e342-4d6f-8b02-5b005f600b6c,botanical_garden,2026-02-21 04:30:00,403.3,159.5,9.1,4.124,,
89d4a030-c16e-496b-8069-8e010bc548b3,botanical_garden,2026-02-21 04:45:00,404.8,159.2,9.1,4.124,,
224ba498-a984-44bc-8d77-6a2ff8d09998,botanical_garden,2026-02-21 05:00:00,407.2,159.5,9.0,4.124,,
6b7b9138-d142-476e-975c-15593c63689e,botanical_garden,2026-02-21 05:15:00,408.8,159.0,9.0,4.124,,
79410e42-6019-4194-b93b-9a6590158dea,botanical_garden,2026-02-21 05:30:00,410.5,159.0,8.9,4.124,,
147c9135-5d61-4668-a2ec-26abd81e90fe,botanical_garden,2026-02-21 05:45:00,412.0,158.5,8.9,4.124,,
f9c76bae-b5b3-4599-88bc-0dc916074fc9,botanical_garden,2026-02-21 06:00:00,413.7,158.5,8.8,4.124,,
c1d8c3e0-17e9-4aa5-926a-1a056584ab37,botanical_garden,2026-02-21 06:15:00,414.5,159.5,8.8,4.124,,
38a37932-6911-41f2-9cd3-07111d8199fd,botanical_garden,2026-02-21 06:30:00,415.3,158.3,8.7,4.124,,
d0860205-6bc9-4345-9191-a70f780cf1ee,botanical_garden,2026-02-21 06:45:00,417.0,157.3,8.7,4.124,,
5baf52b8-c588-4898-9a2c-80058d7a532d,botanical_garden,2026-02-21 07:00:00,418.2,158.3,8.6,4.124,,
3b5d24e5-3834-4038-a525-67352ecd2fc0,botanical_garden,2026-02-21 07:15:00,419.0,158.8,8.6,4.124,,
6ad6a50c-c61e-458a-a727-86d46c120f41,botanical_garden,2026-02-21 07:30:00,419.5,158.8,8.6,4.124,,
c9ea45fc-27d6-4934-ba76-a46da4f15314,botanical_garden,2026-02-21 07:45:00,420.5,157.2,8.5,4.124,,
f2ee0a58-c985-4925-b5a9-8854113385f7,botanical_garden,2026-02-21 08:00:00,421.3,157.8,8.5,4.124,,
4acb88d7-32d4-41c5-a709-2da531b456f8,botanical_garden,2026-02-21 08:15:00,422.7,156.3,8.5,4.124,,
b82e5c51-e5d9-4a08-959c-428fe3598fd5,botanical_garden,2026-02-21 08:30:00,423.3,157.5,8.5,4.124,,
3b0bf209-ff30-4b67-9156-ac07774c6f76,botanical_garden,2026-02-21 08:45:00,424.0,156.7,8.4,4.124,,
d247e7c6-8cee-4ea3-b915-665035763562,botanical_garden,2026-02-21 09:00:00,426.0,155.8,8.4,4.109,,
5bdb3c7f-9fd2-4c23-bb71-cddb1027f587,botanical_garden,2026-02-21 09:15:00,425.5,157.3,8.4,4.124,,
f9f148ac-7fc8-4e15-ab1f-cc89f107d7f8,botanical_garden,2026-02-21 09:30:00,426.3,156.5,8.4,4.109,,
c207d6ea-36da-4c18-a8c1-49e4b9ae86cd,botanical_garden,2026-02-21 09:45:00,427.7,156.2,8.4,4.109,,
a12e317b-ff2a-4526-8dc6-924666b0cec2,botanical_garden,2026-02-21 10:00:00,428.5,156.0,8.3,4.109,,
cc50c11b-8217-415f-a5a1-18054fcf9f25,botanical_garden,2026-02-21 10:15:00,429.5,155.2,8.3,4.109,,
94e0155b-9951-48eb-938f-7b7e8dfbab48,botanical_garden,2026-02-21 10:30:00,430.2,157.2,8.3,4.124,,
e2ebf1a3-14ff-4468-b7de-bc6d7254e2d0,botanical_garden,2026-02-21 10:45:00,430.8,155.0,8.3,4.109,,
4786dcf9-d046-4449-bae3-ae25b8752c4a,botanical_garden,2026-02-21 11:00:00,430.7,155.2,8.3,4.109,,
3a4e6dfa-eebb-4b9e-a17d-4fc2c71462e1,botanical_garden,2026-02-21 11:15:00,431.8,155.3,8.3,4.109,,
0b0ed9ba-d305-4919-85da-ace3437d0966,botanical_garden,2026-02-21 11:30:00,432.5,155.8,8.3,4.109,,
ceb84891-1364-4738-94d8-d6298b6b7d2b,botanical_garden,2026-02-21 11:45:00,433.2,154.3,8.3,4.109,,
7374b68f-094c-4356-85f8-8179068a79f2,botanical_garden,2026-02-21 12:00:00,433.5,155.7,8.2,4.109,,
6fca8781-d65b-4269-b625-6928a94bcb33,botanical_garden,2026-02-21 12:15:00,434.5,154.5,8.2,4.109,,
1059c2d2-9a7e-4524-81e0-d2ef8de44806,botanical_garden,2026-02-21 12:30:00,435.2,155.0,8.2,4.109,,
e9652dd7-2f08-4533-86fb-34cde1c7e53e,botanical_garden,2026-02-21 12:45:00,435.8,154.7,8.2,4.109,,
77cb54a3-dca7-46b9-8b84-83b6a3ee1f80,botanical_garden,2026-02-21 13:00:00,436.5,154.2,8.2,4.109,,
ea50ec85-6a63-4fed-bd59-a98feeac15c4,botanical_garden,2026-02-21 13:15:00,437.2,154.7,8.2,4.109,,
1ce3abb4-1824-4db1-8e52-cc46c4fd2e59,botanical_garden,2026-02-21 13:30:00,438.0,155.0,8.2,4.094,,
af1921e1-15bd-4a51-b23e-f67ac8bb6617,botanical_garden,2026-02-21 13:45:00,438.2,154.0,8.2,4.109,,
cf0272c5-0671-4f4b-81db-8642dd70ae8e,botanical_garden,2026-02-21 14:00:00,438.3,154.8,8.2,4.109,,
8926356b-9c4c-4741-a616-a913133a39c4,botanical_garden,2026-02-21 14:15:00,440.3,153.5,8.2,4.109,,
4a6895fe-1900-429c-9297-34ff9077fa99,botanical_garden,2026-02-21 14:30:00,440.7,153.3,8.2,4.109,,
9c4aa428-65d3-408e-99f0-da9333099aff,botanical_garden,2026-02-21 14:45:00,441.5,153.3,8.2,4.109,,
4f6601cf-7287-4793-ab39-21b547249854,botanical_garden,2026-02-21 15:00:00,442.2,152.8,8.2,4.109,,
2767c8f1-3cba-41d0-a997-3e150fb1cd98,botanical_garden,2026-02-21 15:15:00,442.7,153.5,8.2,4.109,,
803fbe66-e71c-4a33-961e-37be46893a75,botanical_garden,2026-02-21 15:30:00,443.2,154.2,8.3,4.215,,
68170fd1-72d1-460d-af29-2da7e4da0010,botanical_garden,2026-02-21 15:45:00,443.8,153.3,8.3,4.215,,
41bc26a5-6835-4ad4-af24-125b9449a05a,botanical_garden,2026-02-21 16:00:00,444.7,153.7,8.4,4.215,,
a7bddf19-d5ee-47ff-9680-95a44b28a065,botanical_garden,2026-02-21 16:15:00,445.0,153.7,8.4,4.215,,
d586be7d-8ff4-47f9-a6ba-75088a93d5b5,botanical_garden,2026-02-21 16:30:00,446.5,154.2,8.4,4.245,,
7677a820-55a2-41d3-8907-96c0066dfc93,botanical_garden,2026-02-21 16:45:00,445.2,155.8,8.5,4.23,,
a595b083-012f-4837-a7ef-af5b1fb4e88c,botanical_garden,2026-02-21 17:00:00,438.8,155.8,8.6,4.245,,
6fc256e5-8630-48bf-8c56-48cd7a81816b,botanical_garden,2026-02-21 17:15:00,430.3,155.8,8.7,4.23,,
ea2751a5-be12-4c28-a9e5-98662a2480a4,botanical_garden,2026-02-21 17:30:00,422.2,155.2,8.8,4.23,,
d7b4509b-fbd1-439a-a9ff-0f5d71de0012,botanical_garden,2026-02-21 17:45:00,415.5,155.8,8.9,4.321,,
25ff8671-3c4a-4023-80af-118c189214f0,botanical_garden,2026-02-21 18:00:00,408.7,156.2,9.1,4.336,,
4d486770-465d-4dd6-9854-c72d57a2b3e9,botanical_garden,2026-02-21 18:15:00,403.5,156.3,9.2,4.336,,
25a69251-f283-4d8b-ac37-28cbfff058e8,botanical_garden,2026-02-21 18:30:00,399.3,157.0,9.28,4.336,,
8b01b36a-3d96-4a4e-afaa-a27628b05195,botanical_garden,2026-02-21 18:45:00,395.7,157.8,9.4,4.336,,
91129d89-1d1f-466a-b714-898f2f78243e,botanical_garden,2026-02-21 19:00:00,393.2,156.7,9.5,4.336,,
204b1234-826f-452a-a69f-582cc2fccec0,botanical_garden,2026-02-21 19:15:00,392.2,157.2,9.6,4.336,,
3dd050be-40be-4824-b59d-720753bba04b,botanical_garden,2026-02-21 19:45:00,388.7,156.3,10.1,4.336,,
3aed2050-a4f0-4e83-9527-24d1583b983b,botanical_garden,2026-02-21 20:15:00,388.0,155.7,10.4,4.336,,
72b7d5ea-1733-4cb0-9d2e-c4305574d33d,botanical_garden,2026-02-21 20:45:00,390.0,157.2,10.9,4.336,,
5ba5f71d-cfbf-44db-9ac7-371950c8174a,botanical_garden,2026-02-21 21:00:00,389.7,157.5,11.1,4.336,,
3e9672a6-289d-4196-9c04-a33cf70430a2,botanical_garden,2026-02-21 21:15:00,389.3,158.0,11.2,4.336,,
fc54b940-5d6a-4a45-8880-80e084d041fb,botanical_garden,2026-02-21 21:30:00,388.7,158.0,11.2,4.336,,
f65343f8-3e58-4bd7-968e-974773ab1397,botanical_garden,2026-02-21 21:45:00,387.8,157.2,11.3,4.336,,
72cc2dab-a568-4b60-b7ee-7e14b311f398,botanical_garden,2026-02-21 22:00:00,388.0,158.0,11.3,4.336,,
8986747f-dfcf-4ca9-85a0-8b40af9e4210,botanical_garden,2026-02-21 22:30:00,388.0,157.3,11.4,4.336,,
513dec84-07ce-44d2-bc85-4ff5c07774fa,botanical_garden,2026-02-21 22:45:00,389.2,156.7,11.5,4.336,,
ee2cabf2-9ff5-4e03-a923-9196384c4303,botanical_garden,2026-02-21 23:00:00,390.5,157.3,11.5,4.336,,
31f3b8ca-b14a-4f91-b66e-5f383b3be82f,botanical_garden,2026-02-21 23:30:00,390.2,156.7,11.4,4.336,,
63af1f5a-e332-4dd5-86d1-a120862acc70,botanical_garden,2026-02-21 23:45:00,389.8,157.7,11.3,4.336,,
5786bcf8-606b-435e-a377-cd26acf37d24,botanical_garden,2026-02-22 00:00:00,389.0,157.3,11.3,4.336,,
749d9c53-f6ff-4d61-b1f5-cfa4beb95cf2,botanical_garden,2026-02-22 00:15:00,389.0,155.3,11.2,4.336,,
07581704-5d37-4733-956d-5c58c264b3c5,botanical_garden,2026-02-22 00:30:00,388.8,155.3,11.1,4.336,,
972d1f57-ba11-4695-9cd0-884d986c0d1a,botanical_garden,2026-02-22 01:15:00,391.8,155.0,10.8,4.215,,
f8d59c8c-b34f-4bf1-9e82-b2598fd042db,botanical_garden,2026-02-22 01:30:00,391.8,153.5,10.7,4.124,,
2916985f-d0b1-417a-b04b-9dc04cf20b3c,botanical_garden,2026-02-22 01:45:00,391.5,155.0,10.6,4.139,,
f145db35-1169-488e-84bb-03cdbfcdbbeb,botanical_garden,2026-02-22 02:00:00,391.8,153.5,10.5,4.124,,
c73294ba-e046-4263-b071-e6fd508d6938,botanical_garden,2026-02-22 02:15:00,392.5,152.7,10.4,4.124,,
1a557b29-8abf-44e9-943e-59349eee4ebd,botanical_garden,2026-02-22 02:30:00,398.0,151.5,10.32,4.124,,
3b65869f-987a-4cc8-a368-8d8f86235fcf,botanical_garden,2026-02-22 02:45:00,404.8,152.0,10.3,4.124,,
9753024e-c4be-45bf-879a-82be542a165f,botanical_garden,2026-02-22 03:00:00,413.0,150.5,10.2,4.124,,
a785767b-17e8-43e7-a0c5-b0558c7500b4,botanical_garden,2026-02-22 03:15:00,420.3,150.7,10.1,4.124,,
764c21fb-c9ef-4e04-9f9e-e04d34f3397f,botanical_garden,2026-02-22 03:30:00,427.2,151.3,10.0,4.124,,
1f6658d8-560e-4b26-811d-97096ef49a0a,botanical_garden,2026-02-22 03:45:00,433.3,151.2,9.9,4.124,,
a42c124b-c7bd-4c2b-b1b0-d57c594ba58e,botanical_garden,2026-02-22 04:00:00,438.0,150.5,9.9,4.124,,
50d06240-8418-4c28-a9d5-b0be0fa7ee31,botanical_garden,2026-02-22 04:15:00,442.8,149.3,9.8,4.124,,
ff11926b-cec8-494e-b159-71bafb0c7f74,botanical_garden,2026-02-22 04:30:00,446.3,149.5,9.7,4.124,,
ead8aced-37f2-461f-8ef1-aac55e18910b,botanical_garden,2026-02-22 04:45:00,450.5,149.8,9.7,4.124,,
ca507a5d-3bad-43d2-a8cd-dab399cbd938,botanical_garden,2026-02-22 05:00:00,454.3,149.3,9.6,4.109,,
2f48beda-f4f3-4318-8b5f-25b9dcc59e1c,botanical_garden,2026-02-22 05:15:00,456.8,149.8,9.6,4.124,,
17c6ce15-bf47-4055-846b-ec86316df88a,botanical_garden,2026-02-22 05:30:00,459.2,150.0,9.5,4.124,,
4997a100-7b30-447f-9063-13a8c98a818f,botanical_garden,2026-02-22 05:45:00,461.5,149.8,9.5,4.124,,
cc07b874-7299-41fc-9fd5-fb5e54755056,botanical_garden,2026-02-22 06:00:00,463.2,149.8,9.5,4.124,,
130cca9e-5f4e-4da4-81c0-f1e681f5d3f3,botanical_garden,2026-02-22 06:15:00,463.7,148.2,9.4,4.124,,
bfa57e92-1a94-4eef-9218-af6786134b62,botanical_garden,2026-02-22 06:30:00,466.3,147.8,9.4,4.124,,
d17676e6-74ca-4fbe-8d9c-a766314b8451,botanical_garden,2026-02-22 06:45:00,468.2,149.3,9.4,4.124,,
0d5e7a6e-e9bd-4bc3-a426-425bc4a3ad0e,botanical_garden,2026-02-22 07:00:00,470.2,149.5,9.32,4.124,,
54d2e8ca-68da-436f-9e5a-9ae113815a03,botanical_garden,2026-02-22 07:15:00,471.8,147.8,9.3,4.124,,
a3269bdc-79e6-4980-b04f-b47425a3e87c,botanical_garden,2026-02-22 07:30:00,473.7,148.5,9.3,4.124,,
85515bcb-2056-46aa-b807-e4a93e708511,botanical_garden,2026-02-22 07:45:00,474.5,148.8,9.3,4.124,,
4d27999f-24d5-40eb-b23f-d73b72964ecc,botanical_garden,2026-02-22 08:00:00,476.5,149.0,9.3,4.124,,
bdb77a57-8fb9-4e79-9cef-5bf21edb603f,botanical_garden,2026-02-22 08:15:00,478.2,146.7,9.3,4.124,,
421ce5b8-f296-471f-9090-bd99fc5a9758,botanical_garden,2026-02-22 08:30:00,478.8,148.5,9.3,4.124,,
97507371-b372-4921-a867-1d9f1b024252,botanical_garden,2026-02-22 09:00:00,482.2,148.3,9.3,4.109,,
a8808a80-23cd-4195-8bc2-4a634bc55273,botanical_garden,2026-02-22 09:15:00,483.2,150.0,9.3,4.109,,
6005420c-a8a8-4a96-afac-c93ebd08c5ac,botanical_garden,2026-02-22 09:30:00,483.5,149.3,9.3,4.109,,
9df6c33e-5a62-4851-9da8-cd29203299ba,botanical_garden,2026-02-22 09:45:00,485.5,147.8,9.3,4.109,,
535bf762-f57a-4825-a0f9-1088ccf7fd59,botanical_garden,2026-02-22 10:00:00,486.7,148.0,9.3,4.109,,
804ad23a-8fe8-412a-b9de-c7b12a4f6724,botanical_garden,2026-02-22 10:15:00,487.3,149.2,9.3,4.109,,
ea44e510-f3d5-42fb-9fcc-112f02ac5fd9,botanical_garden,2026-02-22 10:30:00,488.7,148.3,9.3,4.109,,
a849fa5e-d232-480c-9830-dca6df31827e,botanical_garden,2026-02-22 10:45:00,489.2,147.5,9.3,4.109,,
bdb99695-217f-443b-8f7f-6a248c374f98,botanical_garden,2026-02-22 11:00:00,490.3,147.5,9.2,4.109,,
7aacdc8c-5ee1-4452-8302-b96d4762d21d,botanical_garden,2026-02-22 11:15:00,491.5,148.2,9.2,4.109,,
d77e6978-b92e-4e4f-8542-96f6dcafd642,botanical_garden,2026-02-22 11:30:00,492.3,147.5,9.2,4.109,,
46baa8c0-6471-42d8-951d-f820f1b1f40e,botanical_garden,2026-02-22 11:45:00,493.0,147.5,9.2,4.109,,
6a0d5480-f0f4-4f37-a566-c84ffb79a624,botanical_garden,2026-02-22 12:00:00,493.3,147.2,9.2,4.109,,
2b275b8b-afc6-4f57-b0b8-3e38417cdbbd,botanical_garden,2026-02-22 12:15:00,494.5,146.8,9.2,4.109,,
e8aa76d8-2535-4e58-a1aa-f2f73437e79a,botanical_garden,2026-02-22 12:30:00,495.3,147.2,9.17,4.109,,
3fc75ab7-1a9a-4824-8814-75654dd70d6d,botanical_garden,2026-02-22 12:45:00,496.2,146.7,9.2,4.109,,
ab3940cf-ed91-433f-946e-38b5a0595f9e,botanical_garden,2026-02-22 13:00:00,496.8,147.0,9.2,4.109,,
fd8d2d8e-b530-4439-b12f-808b27904241,botanical_garden,2026-02-22 13:15:00,497.7,147.2,9.2,4.109,,
37e0359d-2419-4c96-9ea6-00542e905301,botanical_garden,2026-02-22 13:30:00,498.2,146.8,9.3,4.109,,
5d3e985d-9c56-4203-91b5-73fc333962a0,botanical_garden,2026-02-22 13:45:00,498.7,146.3,9.3,4.094,,
5ab1130a-89eb-4b99-a676-f89cd68e359d,botanical_garden,2026-02-22 14:00:00,499.8,146.7,9.3,4.109,,
54bc8e68-1576-42d0-bb4a-923435b53992,botanical_garden,2026-02-22 14:15:00,500.5,145.8,9.3,4.109,,
eee99b10-2b5b-4fa0-8b77-2dbf39663f06,botanical_garden,2026-02-22 14:30:00,501.5,147.3,9.27,4.109,,
fc7e725d-51ec-42d2-956b-ef09532ec815,botanical_garden,2026-02-22 14:45:00,502.2,147.2,9.2,4.109,,
026a6a9c-270a-488c-94c7-964468c039bd,botanical_garden,2026-02-22 15:00:00,502.7,147.2,9.2,4.109,,
1f4e232d-fd6b-4d15-84a8-38597909d209,botanical_garden,2026-02-22 15:15:00,503.0,147.0,9.2,4.109,,
e45c12f1-af25-4887-96a1-fbc1cc623b83,botanical_garden,2026-02-22 15:30:00,504.0,147.2,9.2,4.124,,
1d1302b7-4181-41d1-89d9-221e9a492659,botanical_garden,2026-02-22 15:45:00,504.8,146.3,9.2,4.215,,
a6df594f-3900-4633-b819-51dc91debb15,botanical_garden,2026-02-22 16:00:00,505.3,146.3,9.23,4.23,,
512086fd-7dc6-4b2c-a63e-1de6d87fe149,botanical_garden,2026-02-22 16:15:00,505.7,146.0,9.3,4.23,,
e0800f67-1e0d-403c-a302-9fdbdb93b0ec,botanical_garden,2026-02-22 16:30:00,506.8,147.8,9.4,4.215,,
66b61a22-2fa2-431d-aceb-96f9874337ed,botanical_garden,2026-02-22 16:45:00,507.8,147.5,9.4,4.215,,
13b86cd8-839c-46ff-bca1-470d71a4885b,botanical_garden,2026-02-22 17:00:00,506.5,148.5,9.5,4.23,,
5659eb59-0f07-4d7e-85dd-d1bbedaf4879,botanical_garden,2026-02-22 17:15:00,498.7,149.3,9.5,4.245,,
657f1d5a-9b6b-4bc2-847c-d6c28dddc5ec,botanical_garden,2026-02-22 17:30:00,487.2,149.7,9.6,4.23,,
7f5b999e-db62-474c-82d6-437540fef742,botanical_garden,2026-02-22 17:45:00,473.2,150.5,9.7,4.23,,
49233fc9-d78e-4fc2-85a1-4130cc19c2e2,botanical_garden,2026-02-22 18:00:00,461.0,150.5,9.8,4.23,,
529dfe3e-7d69-444e-9200-aa79acbc5faa,botanical_garden,2026-02-22 18:15:00,450.2,150.5,9.9,4.245,,
9606b64b-6692-4b5e-8018-8279df69705d,botanical_garden,2026-02-22 18:30:00,440.5,149.8,10.0,4.23,,
c1f3125e-1cd3-49e1-bfec-ffdc559dbf91,botanical_garden,2026-02-22 18:45:00,432.7,150.2,10.2,4.23,,
268b8856-bde2-428d-842e-36c6f275c9dc,botanical_garden,2026-02-22 19:00:00,426.8,150.3,10.3,4.336,,
3e8f0ee0-223a-4dd6-b589-92af9a021c1b,botanical_garden,2026-02-22 19:15:00,422.8,149.8,10.6,4.321,,
266d0668-104d-4cd9-8f30-2f2099c98ef3,botanical_garden,2026-02-22 19:45:00,417.5,149.7,11.1,4.336,,
433d97ac-c819-4ff8-a61d-838f1e2c6a00,botanical_garden,2026-02-22 20:00:00,415.3,151.7,11.3,4.336,,
2d59c56e-e582-4c70-96c8-1fcb7d22700e,botanical_garden,2026-02-22 20:15:00,414.3,151.5,11.6,4.336,,
3cfbfeba-bd6d-4eea-88d9-cada6e08fb7d,botanical_garden,2026-02-22 20:30:00,412.5,151.2,11.8,4.336,,
f4b25806-67bd-43b1-80f9-43e943a29431,botanical_garden,2026-02-22 20:45:00,413.2,152.8,12.1,4.336,,
a8203a06-f993-441f-b2e8-5e697975537e,botanical_garden,2026-02-22 21:00:00,413.8,153.3,12.3,4.336,,
d20736af-7a0e-4139-81b1-39092e03afe8,botanical_garden,2026-02-22 21:15:00,412.3,152.2,12.6,4.336,,
b3de5057-d5da-463f-bbd0-032e60087715,botanical_garden,2026-02-22 21:30:00,410.0,153.0,12.8,4.336,,
baeef8c7-b28c-422e-ba7d-ee6776147c47,botanical_garden,2026-02-22 21:45:00,409.5,153.3,12.9,4.336,,
dad8f464-1e08-4936-bf51-24c1f703a7d1,botanical_garden,2026-02-22 22:00:00,408.3,153.2,13.0,4.336,,
edbebe61-7e3a-48d6-99ef-45bc536f794d,botanical_garden,2026-02-22 22:15:00,408.3,153.0,13.0,4.336,,
059c0160-0710-4301-a287-6437d24e622b,botanical_garden,2026-02-22 22:30:00,407.8,154.7,13.0,4.336,,
88000319-b321-401a-9680-dd378c34c6eb,botanical_garden,2026-02-22 22:45:00,408.2,153.3,13.0,4.336,,
6cf1067f-d6e2-4ffb-962d-7f5ac289dfbc,botanical_garden,2026-02-22 23:00:00,409.3,154.0,12.9,4.336,,
248a7e96-f1fc-4b02-8ca5-87e363c274f6,botanical_garden,2026-02-22 23:15:00,409.0,154.0,12.8,4.336,,
7e7dc6b3-cea5-403e-b857-ae04c6ce18bb,botanical_garden,2026-02-22 23:30:00,408.5,151.8,12.6,4.336,,
371832e9-ec61-4015-a76b-bfb6a3e10136,botanical_garden,2026-02-22 23:45:00,407.5,152.0,12.53,4.336,,
6b71b114-1511-43a3-b3eb-e1d19406b51e,botanical_garden,2026-02-23 00:00:00,404.5,151.7,12.48,4.336,,
48a1b063-49ac-4b37-8d8f-a6b50061849b,botanical_garden,2026-02-23 00:15:00,403.0,152.2,12.4,4.336,,
e0cf866c-880f-4808-b2d1-cd726d9b5383,botanical_garden,2026-02-23 00:30:00,402.2,151.7,12.3,4.336,,
cfcec8c2-72cc-4a2c-a5e1-94cbbdf371bd,botanical_garden,2026-02-23 00:45:00,402.7,151.0,12.2,4.336,,
e6d3be8d-61a1-4c4d-94f1-20aad0a4f0fc,botanical_garden,2026-02-23 01:00:00,404.8,151.5,12.2,4.23,,
a08035c0-d596-41e7-aef1-b74d5a4537a4,botanical_garden,2026-02-23 01:15:00,407.5,150.8,12.1,4.23,,
d1428e57-50aa-4690-879a-0d40a92a491c,botanical_garden,2026-02-23 01:30:00,408.8,150.8,12.1,4.215,,
9bf68be3-1bda-4e8d-903a-2027d5515f34,botanical_garden,2026-02-23 01:45:00,409.2,150.2,12.0,4.124,,
555d5b96-aea2-49b6-8950-fec68e4a2c22,botanical_garden,2026-02-23 02:00:00,409.0,148.7,11.9,4.124,,
431a943f-6439-4931-9814-a17a4c575b2a,botanical_garden,2026-02-23 02:15:00,408.8,148.8,11.8,4.124,,
9d18623b-a0be-4a49-8d35-890994d0510b,botanical_garden,2026-02-23 02:30:00,410.8,149.3,11.7,4.124,,
380cbe10-0a8c-462e-b283-6b42ed1aee03,botanical_garden,2026-02-23 02:45:00,417.5,148.3,11.65,4.124,,
61e9d21a-bab6-41a5-b68b-6a1874d37b13,botanical_garden,2026-02-23 03:00:00,427.8,148.0,11.6,4.124,,
dfa4404c-0b2a-42fa-95ad-609f1a218b36,botanical_garden,2026-02-23 03:15:00,436.8,147.7,11.5,4.124,,
fd2b51f7-0f12-4d25-b245-0ba9da6bb3cb,botanical_garden,2026-02-23 03:30:00,447.2,147.0,11.4,4.124,,
58f4f59e-654e-4bb5-8cdd-940225f737bf,botanical_garden,2026-02-23 03:45:00,456.7,146.8,11.3,4.124,,
b9eb70ec-c1ef-42de-ad3c-1ad4c7700095,botanical_garden,2026-02-23 04:00:00,465.7,147.0,11.2,4.124,,
9479237a-e744-4c9e-8e93-cd21d19709f8,botanical_garden,2026-02-23 04:15:00,472.3,146.2,11.2,4.139,,
25e89ad5-c46b-4e77-b324-1b6d4c7c117d,botanical_garden,2026-02-23 04:30:00,478.3,146.2,11.1,4.124,,
5870f17f-2cd9-41d0-afdf-98f055eeb323,botanical_garden,2026-02-23 04:45:00,484.7,145.2,11.1,4.124,,
c41dba1a-4c89-4e81-a4f8-a3a6f39ddf44,botanical_garden,2026-02-23 05:00:00,490.5,145.5,11.02,4.124,,
b732fc62-248b-4ecb-941e-e1fa5d50cfcd,botanical_garden,2026-02-23 05:15:00,497.0,145.2,11.0,4.124,,
409fce2f-66fa-470c-867f-623abd88131c,botanical_garden,2026-02-23 05:30:00,501.7,145.3,11.0,4.124,,
6ef176d6-4b25-43e8-8fc8-71bb0723c300,botanical_garden,2026-02-23 05:45:00,505.7,145.3,11.0,4.124,,
ca4df690-0b3f-4423-a527-32abe6f2308a,botanical_garden,2026-02-23 06:00:00,508.8,147.0,11.0,4.124,,
d41b63c7-6fd1-4df7-863e-f1bcd9b0bfe7,botanical_garden,2026-02-23 06:15:00,512.8,145.3,11.0,4.124,,
d95cdf20-1760-42cf-ae89-78e61de3659e,botanical_garden,2026-02-23 06:30:00,516.2,146.3,10.9,4.124,,
2d0e4ad8-b7e0-47d7-96eb-7e1fff86da8e,botanical_garden,2026-02-23 06:45:00,518.8,146.5,10.9,4.124,,
ac115f1d-f842-47e8-9eea-3acb94cd7dfc,botanical_garden,2026-02-23 07:00:00,521.0,146.3,10.8,4.124,,
ceb757f9-b6cc-46da-8e03-bf98e94f9eaf,botanical_garden,2026-02-23 07:15:00,522.8,146.5,10.8,4.124,,
02934994-46dd-41df-ace1-055f7d9544eb,botanical_garden,2026-02-23 07:30:00,525.3,146.5,10.8,4.109,,
0f664504-6364-42e7-918b-7c537d626d7d,botanical_garden,2026-02-23 07:45:00,526.7,145.3,10.72,4.124,,
6b680baa-3826-4009-a33b-8ca1ec50b1dc,botanical_garden,2026-02-23 08:00:00,528.8,145.0,10.7,4.109,,
72e89b11-a8e8-4b62-825d-297db6a65df8,botanical_garden,2026-02-23 08:15:00,530.2,144.3,10.7,4.124,,
dec42f7e-136c-48ff-b947-ac36f375f7d3,botanical_garden,2026-02-23 08:30:00,531.8,144.8,10.6,4.124,,
e3710f1d-ec3b-451f-9f6e-b69bdcbc36d0,botanical_garden,2026-02-23 08:45:00,533.0,144.7,10.6,4.124,,
fea96787-e1c7-42fa-a059-a5b9d3252e7b,botanical_garden,2026-02-23 09:00:00,534.7,146.3,10.6,4.109,,
8b02e6ca-c444-4f39-b6fa-7bbd44a0004b,botanical_garden,2026-02-23 09:15:00,535.8,144.8,10.5,4.124,,
68005a59-cd8e-4008-b3b9-417a0eac06eb,botanical_garden,2026-02-23 09:30:00,537.3,144.2,10.5,4.124,,
552441cf-e3c8-4ffa-bd9c-ad91405caf75,botanical_garden,2026-02-23 09:45:00,538.3,145.3,10.5,4.124,,
bc8d157d-01b0-4747-b37a-dba0d7afeadc,botanical_garden,2026-02-23 10:00:00,539.0,145.3,10.4,4.124,,
71cb7b90-85e7-4334-b14a-299e4a4e339d,botanical_garden,2026-02-23 10:15:00,540.5,145.5,10.4,4.124,,
31383be8-c423-46cd-85c6-d54a1a08c651,botanical_garden,2026-02-23 10:30:00,541.8,144.0,10.4,4.124,,
30a8c23e-bf44-43a3-96ab-7236aa298150,botanical_garden,2026-02-23 10:45:00,543.2,145.3,10.3,4.124,,
b9078c01-bf94-40f7-8ad1-a7b4f2b9a72d,botanical_garden,2026-02-23 11:00:00,544.2,144.2,10.3,4.109,,
c5dcd061-3134-43d1-88be-452ce2a36942,botanical_garden,2026-02-23 11:15:00,545.0,145.0,10.3,4.124,,
44e4b59e-19c9-4fd3-addb-af08fc4aeb5e,botanical_garden,2026-02-23 11:30:00,545.7,144.8,10.2,4.109,,
c4fc4d5d-3c88-45ba-a353-20e369e2f7cc,botanical_garden,2026-02-23 11:45:00,546.5,144.5,10.2,4.109,,
114c5806-dde1-4c12-b0f7-04fb280ad745,botanical_garden,2026-02-23 12:00:00,547.0,143.8,10.2,4.109,,
1c08a53d-996f-476f-8602-6d03ac9ab9d9,botanical_garden,2026-02-23 12:15:00,548.7,145.0,10.2,4.109,,
aa37c6cc-bab0-4ab2-84d2-9455c2d1e3de,botanical_garden,2026-02-23 12:30:00,549.2,144.3,10.18,4.109,,
54e10727-258a-4c70-bd6d-8a7221bff79b,botanical_garden,2026-02-23 12:45:00,549.8,144.8,10.1,4.109,,
e1faa587-a4ff-4c16-9adc-7fc5773cc75c,botanical_garden,2026-02-23 13:00:00,550.7,144.2,10.1,4.109,,
ff202124-71cb-41e2-a43a-2e65500c3f59,botanical_garden,2026-02-23 13:15:00,553.0,143.0,10.1,4.109,,
7fb46fe3-0c6a-47cd-8371-f45f7ef9574d,botanical_garden,2026-02-23 13:30:00,554.5,145.0,10.1,4.109,,
1c6e4ac6-ae81-46a5-9534-17cfb665ea2b,botanical_garden,2026-02-23 13:45:00,555.0,144.7,10.1,4.109,,
b5ce9855-4745-4b5a-aa92-b19e88acb039,botanical_garden,2026-02-23 14:00:00,555.2,144.0,10.1,4.124,,
f712dad3-cbaa-46c5-bc8f-1b37c9dbd541,botanical_garden,2026-02-23 14:15:00,556.7,143.8,10.1,4.109,,
c0dc8c96-a62f-4b19-885e-fbec4174deef,botanical_garden,2026-02-23 14:30:00,552.0,145.0,10.1,4.109,,
c5ec628c-93a1-40ec-a8f7-fc9e86d5f4d1,botanical_garden,2026-02-23 14:45:00,556.2,144.2,10.1,4.109,,
f7441dd5-cee7-4a3d-b76a-d2703f43430b,botanical_garden,2026-02-23 15:00:00,557.3,143.8,10.1,4.109,,
710a8962-c2e1-4ead-91be-8d39efc7a8a2,botanical_garden,2026-02-23 15:15:00,558.7,144.2,10.0,4.215,,
99134125-9c9c-407d-81f7-5fc154c1bab5,botanical_garden,2026-02-23 15:30:00,559.0,144.2,10.0,4.215,,
3715ca97-9e6d-4323-a4c7-597e2aed8439,botanical_garden,2026-02-23 15:45:00,559.5,145.0,10.1,4.23,,
d42b13e2-ef72-4230-94f1-2c2930fe06bc,botanical_garden,2026-02-23 16:00:00,559.5,144.0,10.1,4.23,,
05dd0c69-77b0-47da-8b13-1123c77b9a30,botanical_garden,2026-02-23 16:15:00,560.3,144.2,10.2,4.23,,
3806f443-591e-4a11-945f-9d13302cb952,botanical_garden,2026-02-23 16:30:00,561.5,143.8,10.3,4.23,,
91bad4b9-111e-4aad-8a34-7c6b9f0e6d2a,botanical_garden,2026-02-23 16:45:00,561.5,145.0,10.35,4.23,,
7499e276-bbf3-4de8-b5cb-af4b27088d76,botanical_garden,2026-02-23 17:00:00,562.7,145.3,10.5,4.23,,
02790d60-d3ef-4beb-ad92-bd1d0b1b9e2c,botanical_garden,2026-02-23 17:15:00,563.0,147.2,10.6,4.23,,
78be5c19-8951-4e7b-82a0-82b590f437cd,botanical_garden,2026-02-23 17:30:00,559.8,147.7,10.7,4.336,,
33228937-6820-416c-b319-65b53c795f7f,botanical_garden,2026-02-23 17:45:00,550.8,147.7,10.88,4.336,,
5e93ed9c-1afa-429c-a9c6-e090c7ab8248,botanical_garden,2026-02-23 18:00:00,533.0,147.5,11.0,4.321,,
159b6e9d-b3c4-448b-9d0d-69cda8171a32,botanical_garden,2026-02-23 18:15:00,509.8,148.0,11.1,4.321,,
f87f6a62-4c03-4496-b580-82fcec37dd3e,botanical_garden,2026-02-23 18:30:00,489.7,148.5,11.3,4.336,,
5c92a90a-3632-4eef-bff7-641c6d9f69b8,botanical_garden,2026-02-23 18:45:00,470.8,148.2,11.4,4.336,,
f0baa8a3-0d43-415d-9e64-bbdef16999f1,botanical_garden,2026-02-23 19:00:00,456.3,149.7,11.5,4.336,,
55cafd1a-6835-4afa-990f-79293a16e5b3,botanical_garden,2026-02-23 19:15:00,450.7,149.5,11.7,4.336,,
91d0db60-2f0e-40de-86ad-1c64315631ff,botanical_garden,2026-02-23 19:30:00,444.8,148.0,11.9,4.336,,
5e2bb84e-a106-47e2-92a9-9872cb9a444b,botanical_garden,2026-02-23 19:45:00,440.5,148.2,12.2,4.336,,
bc809e46-e3a1-4509-b311-87cd06e3064a,botanical_garden,2026-02-23 20:00:00,437.0,150.0,12.5,4.336,,
114bffeb-536e-42fe-8cc6-acd7fa56ca7b,botanical_garden,2026-02-23 20:15:00,432.8,150.0,12.7,4.321,,
d3f61565-47d4-4e48-95b3-1ab94b8a6f97,botanical_garden,2026-02-23 20:30:00,431.0,150.7,12.9,4.336,,
cc7c9d91-bb2b-4a36-bb99-2da88969eb3f,botanical_garden,2026-02-23 20:45:00,430.3,150.7,13.2,4.336,,
25e6221d-eab3-4d04-a0e6-84d5b721b7e0,botanical_garden,2026-02-23 21:00:00,430.5,152.0,13.4,4.336,,
14a0c50f-b252-48ad-9c76-53737c6cbf58,botanical_garden,2026-02-23 21:15:00,430.7,150.2,13.7,4.336,,
917f0d27-fb00-42ed-9621-7489b5a299f7,botanical_garden,2026-02-23 21:30:00,429.7,150.7,13.9,4.336,,
163c2894-5fec-4637-9196-0ee12c820b3b,botanical_garden,2026-02-23 21:45:00,428.8,151.8,14.0,4.336,,
9f3dbdd0-935d-4d23-8b64-c0dd973a7484,botanical_garden,2026-02-23 22:00:00,427.3,151.5,14.0,4.336,,
18ca368e-882a-4be6-817a-8daf6cd8e8e2,botanical_garden,2026-02-23 22:15:00,426.2,150.3,13.9,4.336,,
894d640f-58c5-4b13-9cc9-232174ead1de,botanical_garden,2026-02-23 22:30:00,425.3,150.8,13.9,4.336,,
d7d1806a-a47d-4daf-a771-05cdc9e878a1,botanical_garden,2026-02-23 22:45:00,424.5,150.8,13.8,4.321,,
e9d7dab4-0e96-44e1-993c-17d6dd0c6985,botanical_garden,2026-02-23 23:00:00,423.7,152.2,13.8,4.336,,
64ef02e6-379e-4429-80a3-034dc23f8f96,botanical_garden,2026-02-23 23:15:00,423.5,151.2,13.6,4.336,,
a93d499e-3c5a-488a-9cf3-818547e43cbe,botanical_garden,2026-02-23 23:30:00,423.8,149.3,13.5,4.23,,
0ad7bfd4-cfe7-45f0-9019-e360c3c36b1e,botanical_garden,2026-02-23 23:45:00,423.7,149.8,13.4,4.336,,
5741b8d1-aac4-4a83-8761-7c5550fa3da0,botanical_garden,2026-02-24 00:00:00,423.5,149.2,13.3,4.321,,
c543abe2-b4ff-43ef-8f02-38745400a569,botanical_garden,2026-02-24 00:15:00,423.2,150.2,13.2,4.336,,
cbbe4a9f-20dd-4ae6-bdbf-df3d98b59a29,botanical_garden,2026-02-24 00:30:00,423.7,148.2,13.1,4.336,,
ea629b91-f40d-4e92-a98c-1e698de8ab79,botanical_garden,2026-02-24 00:45:00,423.0,148.7,13.1,4.336,,
ba62d3a9-26cc-457d-b7a7-65e0a764e236,botanical_garden,2026-02-24 01:15:00,425.0,150.0,13.0,4.215,,
01e91a15-e157-43dc-a90d-88594ae1217d,botanical_garden,2026-02-24 01:30:00,426.8,149.5,12.93,4.124,,
5aa5e8e6-4f7e-40d3-be38-8692dc6e5440,botanical_garden,2026-02-24 01:45:00,426.3,147.7,12.9,4.124,,
59ce5a08-448e-4690-8f8f-fddf9ae5aeb8,botanical_garden,2026-02-24 02:00:00,425.7,147.2,12.8,4.124,,
efde818d-ee3c-461f-9d69-f840197136bb,botanical_garden,2026-02-24 02:15:00,425.8,146.8,12.8,4.124,,
841b82f3-4e88-42d3-9b0f-00628f53e617,botanical_garden,2026-02-24 02:30:00,426.2,146.3,12.7,4.139,,
be089915-5e76-4f1f-96a4-5238aae4aae1,botanical_garden,2026-02-24 02:45:00,430.8,144.8,12.7,4.124,,
937ab3d4-ee62-4eed-b5b5-bbca524fc56d,botanical_garden,2026-02-24 03:00:00,438.3,144.7,12.6,4.124,,
22d52592-e24f-4a41-8739-1521b883a8ad,botanical_garden,2026-02-24 03:15:00,449.3,145.3,12.6,4.124,,
58385c94-cd34-452c-9d91-f6c0677e11a9,botanical_garden,2026-02-24 03:30:00,459.8,145.8,12.5,4.124,,
87e18a74-1564-480d-a3ec-a7080dab5b3a,botanical_garden,2026-02-24 03:45:00,468.3,144.3,12.5,4.124,,
f3f1588a-1da5-42f6-9932-54f8473bc8a3,botanical_garden,2026-02-24 04:00:00,477.3,145.3,12.4,4.124,,
1adc90ff-e5f3-4370-b7e5-b9dba74b2239,botanical_garden,2026-02-24 04:15:00,485.5,144.7,12.4,4.124,,
8d9bef2d-cadc-4a5e-933b-b499c9ac6ae4,botanical_garden,2026-02-24 04:30:00,495.8,144.7,12.4,4.124,,
34fd5294-7222-4211-bd3c-c171cd3458be,botanical_garden,2026-02-24 04:45:00,504.3,144.2,12.3,4.124,,
508715af-5f85-4e66-ae36-6087e4a25f22,botanical_garden,2026-02-24 05:00:00,512.0,144.5,12.3,4.124,,
11bbd0fe-7032-4593-9bc5-ec2d2259ef75,botanical_garden,2026-02-24 05:15:00,518.7,143.8,12.3,4.124,,
2fa7e0ad-7fc3-446b-b7ef-101651a52e29,botanical_garden,2026-02-24 05:30:00,525.2,144.0,12.2,4.124,,
4dca4a3d-fa0a-458f-9d9d-362493094480,botanical_garden,2026-02-24 05:45:00,530.8,143.5,12.2,4.109,,
acb7a045-35a0-4021-a38b-d47004414e0c,botanical_garden,2026-02-24 06:00:00,535.7,143.8,12.2,4.124,,
eeba4ba6-b1a4-47c4-b0f0-bcaa2f91072c,botanical_garden,2026-02-24 06:15:00,541.7,143.2,12.2,4.124,,
85bb8e45-611e-462e-92f3-4a3c508ba25a,botanical_garden,2026-02-24 06:30:00,544.7,142.8,12.1,4.124,,
4ff49c00-93bd-4f70-bba8-def7572133a2,botanical_garden,2026-02-24 06:45:00,548.3,143.3,12.1,4.124,,
2a2b95dd-1367-42e1-96d4-2753fa578698,botanical_garden,2026-02-24 07:00:00,551.5,142.3,12.1,4.124,,
b8bc69df-1678-4478-9d85-16a3a69cc71e,botanical_garden,2026-02-24 07:15:00,554.3,142.2,12.1,4.124,,
49654991-d909-400d-85d7-3b465c710139,botanical_garden,2026-02-24 07:30:00,556.3,143.3,12.1,4.124,,
f3d29c49-3c42-4c91-9ea8-52613c742a08,botanical_garden,2026-02-24 07:45:00,559.2,142.8,12.1,4.109,,
0e8b13b9-39d9-4edf-b592-40f9563455b4,botanical_garden,2026-02-24 08:00:00,560.3,143.7,12.0,4.124,,
4105d6c9-1ec3-4f0b-aff8-32d6e0442a4e,botanical_garden,2026-02-24 08:15:00,562.8,143.2,12.0,4.124,,
d0859b5d-c407-4b93-90cb-b54d44a46389,botanical_garden,2026-02-24 08:30:00,565.2,143.0,12.0,4.124,,
c6118914-b13f-4113-bdba-50a581067d6a,botanical_garden,2026-02-24 08:45:00,568.0,142.8,12.0,4.124,,
b360f04c-f782-4d47-ac34-172f9ed8f3f5,botanical_garden,2026-02-24 09:00:00,569.2,142.5,11.97,4.109,,
f07a8155-01fe-47b9-9097-306a946c3101,botanical_garden,2026-02-24 09:15:00,570.5,143.0,11.9,4.124,,
79cf48cc-bbc9-443b-81c9-e9e6247f4b66,botanical_garden,2026-02-24 09:30:00,573.2,142.7,11.9,4.109,,
ca743a82-82b3-42e8-baa4-99f0a9b2d9b7,botanical_garden,2026-02-24 09:45:00,574.5,143.3,11.9,4.109,,
fedba7c7-8101-48a4-9375-977f35ea85b5,botanical_garden,2026-02-24 10:00:00,576.5,143.0,11.9,4.109,,
0cce4e68-bc87-4e7d-a6e5-98a67b38bb83,botanical_garden,2026-02-24 10:15:00,577.0,142.3,11.9,4.109,,
6ee1595a-d026-40f0-bf81-6cada02650f4,botanical_garden,2026-02-24 10:30:00,578.5,143.7,11.9,4.124,,
052359ad-a495-4c17-aebe-2876a9ba1c25,botanical_garden,2026-02-24 10:45:00,579.8,143.0,11.9,4.124,,
f8544a3f-8295-4272-bc44-59d91bda23ed,botanical_garden,2026-02-24 11:00:00,581.0,143.8,11.9,4.124,,
9b43f61a-8779-495f-a430-2c8569ef3f36,botanical_garden,2026-02-24 11:15:00,582.0,142.7,11.9,4.109,,
7941e6ed-6fef-4754-a9a4-711c9316aec4,botanical_garden,2026-02-24 11:30:00,584.2,142.8,11.9,4.109,,
9cc6cfe2-db20-495a-a064-af4892aadb0b,botanical_garden,2026-02-24 11:45:00,584.8,142.7,11.9,4.109,,
97015639-08b9-4c5c-b602-cf2ba5f0ac51,botanical_garden,2026-02-24 12:00:00,585.8,143.7,11.9,4.109,,
89dd209f-a7a7-48d0-9618-b7ec04e5ce67,botanical_garden,2026-02-24 12:15:00,586.5,142.7,11.9,4.109,,
b687da01-2869-4d5c-906d-0a4a0f91e0ea,botanical_garden,2026-02-24 12:30:00,587.8,142.0,11.9,4.109,,
cc31d8ee-389e-4db6-ae4f-d7ef425e127c,botanical_garden,2026-02-24 12:45:00,589.5,141.3,11.9,4.109,,
70490bdd-911c-4131-9fdf-99e4e255252a,botanical_garden,2026-02-24 13:00:00,590.0,142.5,11.9,4.109,,
f59dfee6-9782-40f0-91f7-4cf78b82a37e,botanical_garden,2026-02-24 13:15:00,590.7,141.7,11.9,4.109,,
f78b96a1-242b-4741-988d-7f1e5b534384,botanical_garden,2026-02-24 13:30:00,591.3,142.7,11.82,4.109,,
98d2377f-77d9-447c-80ac-10ce2ff359f4,botanical_garden,2026-02-24 13:45:00,592.2,142.8,11.8,4.109,,
12ae3343-c715-47fa-8e35-0711c556ac94,botanical_garden,2026-02-24 14:00:00,592.8,142.8,11.8,4.094,,
39098852-7f9e-4236-a49f-a61b7608092c,botanical_garden,2026-02-24 14:15:00,593.5,142.7,11.8,4.109,,
569e5b41-b452-4110-9962-ff0193a1b705,botanical_garden,2026-02-24 14:30:00,594.0,143.3,11.8,4.109,,
e144a9f5-bafa-44b6-b4c0-c64fad12479a,botanical_garden,2026-02-24 14:45:00,595.3,142.0,11.8,4.109,,
b23ba97b-30f0-4653-942c-22b80ce7d6ef,botanical_garden,2026-02-24 15:00:00,595.7,142.3,11.8,4.109,,
ecb15732-a133-4af7-8ad0-1afd77394e96,botanical_garden,2026-02-24 15:15:00,595.8,141.8,11.8,4.109,,
97276216-177a-4107-8e16-eb4f414f7c49,botanical_garden,2026-02-24 15:30:00,596.5,142.5,11.8,4.109,,
a8a4bef2-ec76-4800-8d4d-16d3f1918e24,botanical_garden,2026-02-24 15:45:00,597.0,142.8,11.8,4.109,,
d028f5a4-d22f-4df1-8bcb-5813c03f43bb,botanical_garden,2026-02-24 16:00:00,597.7,143.0,11.9,4.215,,
b537d8db-7b4e-4a66-a096-b0a075d9d7b1,botanical_garden,2026-02-24 16:15:00,598.3,141.7,11.9,4.23,,
b97c63bd-aa05-40cd-9877-df096ffdc4ca,botanical_garden,2026-02-24 16:30:00,599.0,143.5,11.9,4.23,,
854643a0-c450-48b4-8d8b-5837bfb7f7c4,botanical_garden,2026-02-24 16:45:00,599.5,144.7,12.0,4.23,,
bb04106a-df06-4f52-b64f-bf012f4278b0,botanical_garden,2026-02-24 17:00:00,600.3,144.2,12.1,4.23,,
3d743033-625b-4f13-a698-fa3278873904,botanical_garden,2026-02-24 17:15:00,601.0,145.3,12.2,4.23,,
87322ff8-7cc9-45e9-8a18-c403f0064859,botanical_garden,2026-02-24 17:45:00,580.0,146.2,12.3,4.23,,
aaee5870-2285-45c0-99d6-f65fe0344c18,botanical_garden,2026-02-24 18:00:00,559.7,146.2,12.4,4.245,,
6b96ccfb-1ce7-4d04-9515-160d5791a295,botanical_garden,2026-02-24 18:15:00,529.3,146.3,12.5,4.245,,
0a6cbbec-5afc-4c1f-bdef-66fe3d530aa2,botanical_garden,2026-02-24 18:30:00,508.0,146.7,12.7,4.23,,
846ce95e-30de-423d-95a9-3e88241ad41a,botanical_garden,2026-02-24 18:45:00,489.5,147.0,12.8,4.23,,
14bd69c1-0d38-45d8-9193-a2b61546dd9b,botanical_garden,2026-02-24 19:00:00,479.5,148.0,12.9,4.321,,
5f56c7d8-644d-4b1c-92e9-acf0490fcfb2,botanical_garden,2026-02-24 19:15:00,466.8,148.7,13.1,4.336,,
97309d20-c686-4871-bd44-352c5c59e699,botanical_garden,2026-02-24 19:30:00,460.3,149.3,13.3,4.336,,
64b3d2d4-6751-4724-bd02-8c36baefbf8f,botanical_garden,2026-02-24 20:00:00,452.3,147.3,13.8,4.336,,
5518eafc-170e-45ae-9de0-16e73f737fef,botanical_garden,2026-02-24 20:15:00,449.8,148.0,14.0,4.336,,
258d95a7-26fd-4de1-8211-f8dcb02104c3,botanical_garden,2026-02-24 20:30:00,447.2,149.3,14.2,4.336,,
361f4346-982e-473b-9197-fd688be44832,botanical_garden,2026-02-24 20:45:00,442.7,147.7,14.2,4.336,,
8239d44d-76a6-47bd-b4ff-5ae6e292dbf9,botanical_garden,2026-02-24 21:00:00,442.8,149.3,14.22,4.336,,
9e38fda4-588d-4f2f-9927-7638ea89c071,botanical_garden,2026-02-24 21:15:00,442.8,150.3,14.3,4.336,,
f2f5a21f-4a86-4438-8682-5b0f10fb3d95,botanical_garden,2026-02-24 21:30:00,442.7,149.2,14.5,4.336,,
5e63097e-1036-4c6e-ac86-54be525f9928,botanical_garden,2026-02-24 22:00:00,439.0,150.0,14.6,4.336,,
740ecf98-ede4-446d-a10e-037f77b3dba9,botanical_garden,2026-02-24 22:15:00,438.3,149.0,14.6,4.336,,
aa970753-8d23-4725-89ed-ecff86794173,botanical_garden,2026-02-24 22:30:00,436.2,150.8,14.6,4.321,,
2a4cd305-6e96-452e-918d-47752a7d7ad3,botanical_garden,2026-02-24 22:45:00,434.3,150.2,14.6,4.336,,
028f24f2-0dcd-4f1d-8a1d-d1ae361eba15,botanical_garden,2026-02-24 23:00:00,434.0,149.5,14.5,4.321,,
2579379c-8a9d-4121-b5de-50da976059bd,botanical_garden,2026-02-24 23:15:00,433.0,148.8,14.4,4.336,,
ac204b2e-833c-4083-a996-5660eaeb065d,botanical_garden,2026-02-24 23:30:00,433.5,148.8,14.4,4.336,,
3c12fc7c-a135-4d6d-afbe-c229b60aab7e,botanical_garden,2026-02-24 23:45:00,433.2,149.7,14.3,4.336,,
94e37a43-bd4e-47c2-99ac-9e45ec56f618,botanical_garden,2026-02-25 00:00:00,432.5,148.0,14.27,4.23,,
d34271a5-bbe2-408d-872d-f89a51281dd2,botanical_garden,2026-02-25 00:15:00,431.7,148.8,14.2,4.215,,
060c359b-6db8-43b5-9a4b-b7cb2864c855,botanical_garden,2026-02-25 00:30:00,431.2,148.7,14.1,4.215,,
662a2e1a-1317-4823-bf7b-b60ec3105844,botanical_garden,2026-02-25 00:45:00,431.5,147.7,14.1,4.23,,
ecf956af-c176-421b-8ef0-2d27fe1de530,botanical_garden,2026-02-25 01:00:00,431.8,148.7,14.0,4.124,,
891affdd-72e0-4d52-83e1-c7aa3db7b961,botanical_garden,2026-02-25 01:15:00,433.5,147.7,13.9,4.124,,
5aa175a4-2101-4948-b7c8-a30bef63bbd9,botanical_garden,2026-02-25 01:30:00,435.2,148.0,13.9,4.139,,
333eded0-4fd1-40fb-b535-64f3748823d9,botanical_garden,2026-02-25 01:45:00,435.7,148.8,13.8,4.124,,
b1eb5cb8-23ce-46c1-8e81-b68d24ea1254,botanical_garden,2026-02-25 02:00:00,435.7,146.8,13.8,4.124,,
e450c436-6561-4842-b5a5-68b19183cae8,botanical_garden,2026-02-25 02:15:00,435.5,145.8,13.7,4.124,,
d97a203f-4b83-440b-a743-8f7d21f110e4,botanical_garden,2026-02-25 02:30:00,436.0,145.0,13.7,4.124,,
48105936-d640-4ce7-8396-128734831f27,botanical_garden,2026-02-25 02:45:00,437.5,145.2,13.7,4.124,,
79020298-0d8e-479a-905a-2598371c31bd,botanical_garden,2026-02-25 03:00:00,442.8,145.7,13.6,4.124,,
3ba86698-2fd9-479c-9423-6190caa3ee3e,botanical_garden,2026-02-25 03:15:00,451.7,144.0,13.6,4.124,,
afac4689-30ad-4e7f-aa7e-010b12ac86b8,botanical_garden,2026-02-25 03:30:00,462.8,144.0,13.6,4.124,,
29ea2395-06ac-47a8-a006-fecdffcae234,botanical_garden,2026-02-25 03:45:00,475.0,143.3,13.5,4.124,,
0a9727e7-50ca-4eae-847f-b9e74f74d916,botanical_garden,2026-02-25 04:00:00,486.0,143.0,13.5,4.124,,
96c1e9de-3d02-446f-beda-8c0887da1576,botanical_garden,2026-02-25 04:15:00,497.0,144.0,13.5,4.124,,
9df8eb4d-28cc-4483-baef-30ce3d55f335,botanical_garden,2026-02-25 04:30:00,504.5,145.2,13.5,4.124,,
e60b1967-fefc-4db2-8e89-48013af28e97,botanical_garden,2026-02-25 04:45:00,500.3,148.5,13.5,4.124,,
3597adf2-bdc7-4056-8d6d-ebbfddad6dd6,botanical_garden,2026-02-25 05:00:00,481.5,152.0,13.5,4.124,,
b08766c5-faf3-400b-9060-fb3545d5d8cd,botanical_garden,2026-02-25 05:15:00,417.7,155.0,13.5,4.124,,
fef02993-ac84-4e6e-8a3a-24b6a4c01714,botanical_garden,2026-02-25 05:30:00,394.3,152.7,13.5,4.109,,
08a4e88f-ca1c-432a-8528-9aa0158dcbd4,botanical_garden,2026-02-25 06:00:00,342.7,168.2,13.5,4.124,,
73b59f7f-6336-4ff5-97c0-39df745f9879,botanical_garden,2026-02-25 06:15:00,316.0,170.2,13.5,4.109,,
c0e237b8-7079-407e-bcbf-bdbe87e79f2e,botanical_garden,2026-02-25 06:30:00,304.3,167.3,13.5,4.109,,
6147435e-2034-4f97-bf92-22931f21f8e7,botanical_garden,2026-02-25 06:45:00,316.3,162.7,13.4,4.109,,
789c8079-c749-424a-8b98-41d96fad2ed8,botanical_garden,2026-02-25 07:15:00,345.7,167.2,13.3,4.109,,
829a4aa7-7ead-4cc9-bd98-930ca5e8692d,botanical_garden,2026-02-25 07:30:00,325.7,169.2,13.2,4.109,,
f6213c78-6855-4f4f-a9d7-e4c9127118aa,botanical_garden,2026-02-25 07:45:00,315.3,169.7,13.2,4.109,,
021cd6ae-ee58-42a3-956d-9495100054c9,botanical_garden,2026-02-25 08:00:00,308.0,167.5,13.2,4.109,,
699b326f-881a-4924-a22a-20c668f109b2,botanical_garden,2026-02-25 08:15:00,314.5,165.3,13.2,4.109,,
5a3b826d-a8b8-4f6c-8735-49fbe7a43f4a,botanical_garden,2026-02-25 08:30:00,329.2,166.0,13.1,4.109,,
3c026f4d-206e-4f42-96f6-e04e53e8784f,botanical_garden,2026-02-25 08:45:00,331.7,168.3,13.1,4.109,,
934df496-3dd1-4ca8-96a9-be9c65013f1d,botanical_garden,2026-02-25 09:00:00,317.0,175.0,13.1,4.094,,
0407a0de-3d59-4cc3-bb32-83c591914d0d,botanical_garden,2026-02-25 09:15:00,288.2,174.8,13.1,4.109,,
bb98eee3-e78f-4b17-9585-2bb6a8cfb076,botanical_garden,2026-02-25 09:30:00,293.5,176.0,13.1,4.109,,
add3e2b4-b778-43fb-a16d-94303f4045e1,botanical_garden,2026-02-25 10:00:00,294.2,179.8,13.1,4.094,,
b644530a-77a4-4c79-aa3d-e18ce442ce81,botanical_garden,2026-02-25 10:15:00,300.8,179.3,13.0,4.109,,
d4822ba6-01e7-474a-becc-e0bbfe716b15,botanical_garden,2026-02-25 10:30:00,309.8,176.8,13.0,4.094,,
334c3134-84ca-41c4-b95e-42c9e740d85a,botanical_garden,2026-02-25 10:45:00,316.7,177.7,13.0,4.109,,
14883b57-ecc1-45e2-90a9-456e38d5e0df,botanical_garden,2026-02-25 11:00:00,317.8,178.2,12.9,4.109,,
dddf9f99-ac8c-4e99-9b19-7d902269a9ec,botanical_garden,2026-02-25 11:15:00,317.3,176.3,12.9,4.109,,
7e0145b2-02db-4c45-82b1-96654012ea4d,botanical_garden,2026-02-25 11:30:00,322.0,175.3,12.9,4.094,,
62624311-26fd-4460-b8a1-0e81475f6b7c,botanical_garden,2026-02-25 11:45:00,328.0,175.0,12.9,4.109,,
232e0588-52d8-4d3c-a496-15f673960dc0,botanical_garden,2026-02-25 12:00:00,332.8,175.5,12.9,4.109,,
1f7fc32f-0b69-4ce0-b591-ab661c9db752,botanical_garden,2026-02-25 12:15:00,340.5,175.0,12.9,4.109,,
f71b8a52-dcc8-468f-a4cd-dc746cf1076b,botanical_garden,2026-02-25 12:30:00,343.2,173.7,12.88,4.094,,
7a04eceb-67ef-4730-8560-0e64d405487c,botanical_garden,2026-02-25 12:45:00,344.3,174.2,12.9,4.094,,
e0712b02-c983-4315-9e5b-69f6a9265381,botanical_garden,2026-02-25 13:00:00,348.3,173.2,12.83,4.078,,
8e3d4474-e41d-4960-bca2-cec945cf9383,botanical_garden,2026-02-25 13:15:00,352.8,172.7,12.8,4.094,,
5603a46a-182a-4bf7-94a2-8f399322b46a,botanical_garden,2026-02-25 13:30:00,355.8,171.2,12.8,4.094,,
0d0650c8-6268-4f95-a0aa-3424d9244dd1,botanical_garden,2026-02-25 13:45:00,357.0,172.5,12.8,4.094,,
01822250-354c-47ba-816e-0e527886e82a,botanical_garden,2026-02-25 14:00:00,357.7,171.2,12.8,4.094,,
6e5ad836-8266-4091-9ee4-fa76dae3d123,botanical_garden,2026-02-25 14:15:00,357.8,171.2,12.8,4.094,,
88670511-6157-4101-813f-7653b2ec5f28,botanical_garden,2026-02-25 14:30:00,360.5,170.8,12.8,4.094,,
0d71da52-c241-48ca-bd54-271319db331a,botanical_garden,2026-02-25 15:00:00,369.5,174.5,12.8,4.094,,
ca4fe835-52b4-4302-9afa-d156ad98ea2e,botanical_garden,2026-02-25 15:30:00,364.0,174.2,12.7,4.094,,
740190c9-b2e4-4a79-9c20-b02f2ef611a2,botanical_garden,2026-02-25 18:00:00,344.3,173.8,12.9,4.215,,
acb20075-527c-43f1-8f60-d1891672daee,botanical_garden,2026-02-25 18:15:00,344.2,172.5,12.9,4.2,,
be018111-611e-45ac-9051-fcf14bfc2eaf,botanical_garden,2026-02-25 18:30:00,344.8,173.2,12.92,4.23,,
63026780-3a43-499f-9561-4d7eefc4d729,botanical_garden,2026-02-25 18:45:00,345.3,172.2,13.0,4.23,,
bf5cabfe-022f-4576-80d7-8279ec97c7df,botanical_garden,2026-02-25 19:00:00,345.8,171.5,13.0,4.23,,
fd9af914-54f0-418c-b595-34cd2c5b4af8,botanical_garden,2026-02-25 20:30:00,353.2,169.7,13.3,4.23,,
f8738dbc-3f0f-47a8-978d-7c47269c3dfb,botanical_garden,2026-02-25 20:45:00,353.5,169.0,13.5,4.23,,
5b2fd44b-efb8-48e4-b1b4-29bb650f691d,botanical_garden,2026-02-25 21:00:00,353.5,168.3,13.67,4.306,,
6cf59e80-6be8-4f1c-a870-68e66651c5e3,botanical_garden,2026-02-25 21:45:00,355.7,169.2,13.9,4.336,,
c1e48822-9a53-4ad9-b0c6-7aa79d2d713e,botanical_garden,2026-02-25 22:15:00,357.0,167.7,13.8,4.336,,
9d9fc4df-de9d-4ac0-a994-84a451236fae,botanical_garden,2026-02-25 22:30:00,357.2,166.8,13.8,4.336,,
00f4dac6-982f-4bb2-b4cc-be21573af7e2,botanical_garden,2026-02-25 22:45:00,358.2,166.8,13.9,4.336,,
452ccfb8-a9d7-4589-91ad-c2c2c7a57dc1,botanical_garden,2026-02-25 23:00:00,358.7,166.7,13.9,4.336,,
bab1dc9e-309a-4b2e-8b0a-267abb9c4e0d,botanical_garden,2026-02-25 23:15:00,359.8,168.2,13.9,4.321,,
1ab32102-8115-40bc-8fe5-392076453be9,botanical_garden,2026-02-25 23:30:00,360.0,166.8,13.9,4.336,,
7a726f70-e673-40eb-8926-318ba81479d6,botanical_garden,2026-02-25 23:45:00,360.8,166.0,13.8,4.336,,
3977900e-790f-4aca-9c46-18fd41a8d81e,botanical_garden,2026-02-26 00:15:00,362.7,166.2,13.7,4.336,,
229ebbea-5830-4498-acb9-2ef591553a2b,botanical_garden,2026-02-26 00:30:00,363.8,165.2,13.7,4.336,,
cdef8043-bc9e-4318-8cd4-68a6b444f158,botanical_garden,2026-02-26 00:45:00,366.2,163.8,13.6,4.336,,
32de4c28-a8ae-4915-bbab-9a466554c2de,botanical_garden,2026-02-26 01:00:00,367.3,164.7,13.6,4.245,,
60d961bc-531d-4ce0-b3f0-703ce0994932,botanical_garden,2026-02-26 01:15:00,367.5,164.8,13.5,4.23,,
599e8f14-6bc2-4467-9db0-e4d28f08afba,botanical_garden,2026-02-26 01:30:00,368.5,164.0,13.5,4.215,,
010175bb-6e54-4167-9df8-de28962ee19e,botanical_garden,2026-02-26 01:45:00,369.2,162.7,13.5,4.124,,
7afc34e5-8f20-42af-8cfb-aececb4759f3,botanical_garden,2026-02-26 02:00:00,370.3,161.8,13.4,4.124,,
4136f494-a76d-4d56-aa4a-9f5a4b0126cc,botanical_garden,2026-02-26 02:15:00,374.8,162.3,13.3,4.124,,
fd9cd5f9-8166-4769-933e-9b972855c19d,botanical_garden,2026-02-26 02:30:00,382.2,161.0,13.3,4.124,,
b752f962-b82e-4019-b3ae-915dd0b7f2b4,botanical_garden,2026-02-26 02:45:00,386.8,160.0,13.2,4.124,,
e7e7b3b7-3703-4d3e-9df1-134e326697a1,botanical_garden,2026-02-26 03:00:00,393.3,160.8,13.2,4.124,,
fb8b2ca2-c92b-46b6-b2dc-6ed8ce8679b5,botanical_garden,2026-02-26 03:15:00,397.2,159.2,13.1,4.124,,
154fc5f5-fad0-4140-8261-a883fb124d28,botanical_garden,2026-02-26 03:30:00,401.3,159.2,13.05,4.124,,
9c721df4-e9aa-4da4-9400-4ffc0443f0d8,botanical_garden,2026-02-26 03:45:00,404.5,158.0,13.0,4.124,,
be3430d3-f017-4897-8473-4e922850af5a,botanical_garden,2026-02-26 04:00:00,407.8,158.8,13.0,4.124,,
0678d5db-dc65-43df-8336-4caded8ae40b,botanical_garden,2026-02-26 04:15:00,411.2,157.5,12.9,4.124,,
34cc1876-159b-4a4f-b081-d889b82d9232,botanical_garden,2026-02-26 04:30:00,414.0,157.3,12.9,4.124,,
cb3bed86-2b8a-4156-acda-86736f3c01d0,botanical_garden,2026-02-26 04:45:00,416.2,157.7,12.9,4.124,,
de4066a1-2e98-44b4-a122-e279e1512e89,botanical_garden,2026-02-26 05:00:00,418.7,157.7,12.9,4.124,,
237b8045-a745-4f07-a62f-90b69f24056d,botanical_garden,2026-02-26 05:15:00,420.3,157.3,12.9,4.124,,
16d4f81d-7337-4849-8498-b4abb1fc0ec1,botanical_garden,2026-02-26 05:30:00,422.5,158.2,12.88,4.124,,
a319fadb-7967-4ff7-b5e9-99f475f3cb92,botanical_garden,2026-02-26 05:45:00,424.5,157.7,12.8,4.124,,
53158920-bf2c-443a-bf1c-b4099c609fb1,botanical_garden,2026-02-26 06:00:00,426.2,156.7,12.8,4.124,,
3ebe33ab-302d-4820-b838-79316a720523,botanical_garden,2026-02-26 06:15:00,428.2,157.2,12.8,4.124,,
0871b26d-3629-400c-b700-01b37994a648,botanical_garden,2026-02-26 06:30:00,429.8,156.5,12.7,4.124,,
744396d8-e1f5-417a-94f9-ced407c18ae0,botanical_garden,2026-02-26 06:45:00,431.5,156.0,12.7,4.124,,
b2e4240c-0cfc-4622-af04-a719508a815d,botanical_garden,2026-02-26 07:00:00,433.2,156.2,12.6,4.124,,
787cad36-225d-4de8-9571-62a28bb91f8a,botanical_garden,2026-02-26 07:15:00,434.5,156.0,12.6,4.124,,
28a6e4af-0fa7-47ed-94b3-9da4cc4c46f5,botanical_garden,2026-02-26 07:30:00,436.3,155.8,12.6,4.124,,
9b20b095-fda1-4638-b483-8a499597b35c,botanical_garden,2026-02-26 07:45:00,437.7,155.8,12.5,4.109,,
959a02a3-3172-4f66-b07e-e3f26ace4812,botanical_garden,2026-02-26 08:00:00,439.3,156.7,12.5,4.124,,
063fc2e1-268d-483a-a585-562a4cb68886,botanical_garden,2026-02-26 08:15:00,440.3,154.8,12.5,4.124,,
ec1202e6-0afa-4d1a-82ca-26871e164959,botanical_garden,2026-02-26 08:30:00,442.2,155.8,12.5,4.124,,
a7f02e25-bb35-4d6a-bc5a-0ebc54bd2f32,botanical_garden,2026-02-26 08:45:00,443.3,156.2,12.5,4.124,,
4f380a50-7652-48a8-8457-db81edd21041,botanical_garden,2026-02-26 09:00:00,444.8,154.3,12.5,4.124,,
ae831869-332f-4ffe-a9eb-c8eab570bff0,botanical_garden,2026-02-26 09:15:00,445.8,154.5,12.42,4.124,,
2e3bf6a3-f085-4af1-a776-c46c66c2934c,botanical_garden,2026-02-26 09:30:00,447.5,155.3,12.4,4.124,,
a5aaa1ac-157e-4a9a-9c0d-c5761548c8c9,botanical_garden,2026-02-26 09:45:00,448.5,153.7,12.4,4.124,,
3fc6e6ff-0d9a-4ffd-b138-c5eaa6fa82fe,botanical_garden,2026-02-26 10:00:00,449.7,154.3,12.4,4.109,,
7cc9915a-0925-4b76-b1cf-c206c5c0c982,botanical_garden,2026-02-26 10:15:00,451.2,153.8,12.4,4.109,,
8ff00770-2be3-4674-843c-d9be44d76e4a,botanical_garden,2026-02-26 10:30:00,452.5,153.5,12.4,4.109,,
23d6275b-84d4-41aa-b114-4ecbbf2fb91c,botanical_garden,2026-02-26 10:45:00,453.7,154.0,12.4,4.109,,
c3692231-217c-416f-a79f-d9dc35f6b44d,botanical_garden,2026-02-26 11:00:00,454.2,152.7,12.3,4.124,,
4618f564-6b24-4250-8c8a-bf89cc3786b9,botanical_garden,2026-02-26 11:15:00,455.5,153.2,12.3,4.124,,
ee807d63-02b2-4053-94b8-526982ec0cd2,botanical_garden,2026-02-26 11:30:00,456.0,152.5,12.3,4.109,,
dbe05303-d081-432f-b57b-922252ca7d0f,botanical_garden,2026-02-26 11:45:00,457.3,152.3,12.2,4.109,,
d1f78a74-b3d2-48a3-ba69-5c0ec8d17efe,botanical_garden,2026-02-26 12:00:00,458.2,153.5,12.2,4.124,,
fe4cbbcd-5223-4393-993a-7c8cabd0ebbb,botanical_garden,2026-02-26 12:15:00,460.2,152.2,12.2,4.109,,
2f087cc0-6231-449a-8223-a513e500a07e,botanical_garden,2026-02-26 12:30:00,460.7,152.3,12.1,4.109,,
c113fab8-8a90-445e-a3ce-d89a7c990a9d,botanical_garden,2026-02-26 12:45:00,461.8,152.7,12.1,4.109,,
17e56e1c-b402-4f41-9b06-b257bc1a3cc4,botanical_garden,2026-02-26 13:00:00,463.7,151.8,12.1,4.109,,
b11404d6-7826-4cc1-8805-220c9420f16e,botanical_garden,2026-02-26 13:15:00,464.5,152.0,12.1,4.124,,
5eb230b0-aa37-42ba-a04a-db7f369aaf42,botanical_garden,2026-02-26 13:30:00,464.7,151.2,12.0,4.109,,
a4fc3e4f-9ba5-4223-8d7c-f70200ed045b,botanical_garden,2026-02-26 13:45:00,465.7,152.2,12.0,4.109,,
42720b49-d982-4829-a8ed-2131b7a6e5e1,botanical_garden,2026-02-26 14:00:00,466.5,152.0,11.9,4.094,,
92c2ac99-a114-4926-be69-bf8a8e4af07b,botanical_garden,2026-02-26 14:15:00,467.3,151.8,11.9,4.094,,
a15d258d-331f-4a32-995d-14d052360f96,botanical_garden,2026-02-26 14:30:00,468.2,151.0,11.8,4.109,,
55783e2a-64c5-4ac3-a310-a6293a1db7a9,botanical_garden,2026-02-26 14:45:00,469.0,151.2,11.8,4.109,,
fa315a93-5f3e-4f8f-a68b-703bd836ad4b,botanical_garden,2026-02-26 15:00:00,469.7,151.5,11.8,4.109,,
44d308d6-e7d8-426a-9a0c-2c3fd96d739c,botanical_garden,2026-02-26 15:15:00,471.2,151.7,11.7,4.109,,
54d2684c-3dcd-41fb-9adf-44d9df24d47d,botanical_garden,2026-02-26 15:30:00,471.8,151.7,11.7,4.109,,
37b9af12-fb21-45d2-9fc1-fdae0134e273,botanical_garden,2026-02-26 15:45:00,472.8,151.5,11.7,4.109,,
49e541fe-350e-4996-9a22-49b7f5244878,botanical_garden,2026-02-26 16:00:00,473.7,151.2,11.6,4.23,,
8d9e4b45-279d-4652-8e8c-f0c6f9525bac,botanical_garden,2026-02-26 16:15:00,474.7,151.0,11.7,4.215,,
c5e32a43-3166-4cb2-9b62-2e34febce281,botanical_garden,2026-02-26 16:45:00,474.8,152.3,11.8,4.245,,
6fd5fa29-b33f-443c-862b-6e9494014f9b,botanical_garden,2026-02-26 17:00:00,469.3,152.0,11.8,4.23,,
5298ba4e-e79c-41ed-bfc4-adf655157637,botanical_garden,2026-02-26 17:15:00,461.8,153.0,11.9,4.23,,
c51be2b4-d126-4c28-a0c6-9eba7be41c9d,botanical_garden,2026-02-26 17:30:00,454.7,152.8,11.9,4.245,,
e16e9f95-2311-48cb-8eca-b0818c501da2,botanical_garden,2026-02-26 17:45:00,447.2,152.5,12.02,4.23,,
4e770577-9fb7-49ac-b19c-06473e61c935,botanical_garden,2026-02-26 18:00:00,440.3,153.0,12.2,4.23,,
532ce68d-9b4f-4a24-a6c1-0e61837fb51f,botanical_garden,2026-02-26 18:15:00,434.2,153.3,12.3,4.23,,
54275781-a625-4e7c-9f6a-2de50ae76595,botanical_garden,2026-02-26 18:30:00,429.5,154.3,12.5,4.245,,
f24e938f-9316-475d-ba86-03b7874257e7,botanical_garden,2026-02-26 19:15:00,418.5,154.2,13.1,4.336,,
a5578ce0-f18a-4f70-954a-0169e74dbdd7,botanical_garden,2026-02-26 19:30:00,417.2,154.2,13.4,4.336,,
4ba2627d-fd68-440a-9cda-c1316a71effb,botanical_garden,2026-02-26 19:45:00,415.5,154.7,13.68,4.321,,
eb12dfd6-012d-4ad2-bce3-0a2e28174e30,botanical_garden,2026-02-26 20:15:00,413.3,156.2,14.1,4.336,,
aab712e1-d796-4a39-9949-57cc134785f1,botanical_garden,2026-02-26 20:30:00,413.8,155.2,14.4,4.336,,
5be1654e-8ce0-46a4-844e-e6e1f327b53f,botanical_garden,2026-02-26 20:45:00,415.3,155.2,14.7,4.321,,
d9c26076-b2ce-45a0-85da-58e70112a42a,botanical_garden,2026-02-26 21:00:00,415.2,155.3,15.0,4.336,,
6f7ce3cd-b7a9-4d88-90d2-34cab2e67ed4,botanical_garden,2026-02-26 21:45:00,414.0,156.5,15.4,4.336,,
12d023ff-af9e-4456-b477-e44629ba9887,botanical_garden,2026-02-26 22:00:00,413.7,156.3,15.5,4.336,,
3aaa7d3c-68e2-41dc-8fe0-d7de1aec2239,botanical_garden,2026-02-26 22:15:00,413.3,155.8,15.5,4.336,,
02d66546-501c-4e59-860c-b017023f673c,botanical_garden,2026-02-26 22:45:00,413.3,156.0,15.6,4.336,,
477213de-5246-4ff1-a2c5-51dc3f57e935,botanical_garden,2026-02-26 23:00:00,413.3,154.8,15.5,4.336,,
2b8fa0b6-c4e1-46ec-a917-0fa291c3c62e,botanical_garden,2026-02-26 23:15:00,413.5,155.7,15.48,4.336,,
0d25f74a-29f0-4409-bf54-699754d2bde0,botanical_garden,2026-02-26 23:30:00,413.8,155.3,15.32,4.321,,
0eac1fc4-2d0c-4d95-9d51-9718f0cddcb7,botanical_garden,2026-02-26 23:45:00,413.8,154.5,15.2,4.336,,
90d964f9-5fe5-40d8-94cf-7f97887beed1,botanical_garden,2026-02-27 00:00:00,413.0,156.0,15.1,4.336,,
7a57b0cc-165b-4fa4-89f3-3d9facd233a2,botanical_garden,2026-02-27 00:15:00,413.3,153.8,15.0,4.321,,
2b371baa-fc06-4c94-b59f-fafbb3c31c7a,botanical_garden,2026-02-27 00:45:00,415.2,152.2,14.8,4.321,,
8581d941-958c-45aa-ba25-aecf4a66b0a0,botanical_garden,2026-02-27 01:00:00,417.8,153.3,14.7,4.215,,
24720eac-52ee-43e9-aae1-bfbe5d4dd63e,botanical_garden,2026-02-27 01:15:00,416.7,153.7,14.6,4.2,,
77cf0664-df31-4890-a634-d6f26370d06b,botanical_garden,2026-02-27 01:30:00,418.0,153.7,14.5,4.124,,
81690d46-303e-4083-98dc-ae48afd8b9f6,botanical_garden,2026-02-27 01:45:00,419.0,153.2,14.4,4.124,,
06b17579-baeb-4e25-8b02-794f10e75c91,botanical_garden,2026-02-27 02:00:00,417.8,152.7,14.3,4.124,,
757b6b9e-1624-4e85-85c6-96b9a785a5a7,botanical_garden,2026-02-27 02:15:00,418.8,152.7,14.2,4.124,,
3fd95c7c-1c17-4c84-81ad-148a0af8917b,botanical_garden,2026-02-27 02:30:00,424.2,151.0,14.1,4.124,,
f67d8f20-8d4c-4dc3-b202-f0424c014672,botanical_garden,2026-02-27 02:45:00,432.7,151.2,14.0,4.124,,
328f4f8b-64b0-4408-ae2a-4afe671baf3c,botanical_garden,2026-02-27 03:00:00,441.7,150.0,13.9,4.124,,
918fd09a-6100-48d3-95ec-c3b8845122cd,botanical_garden,2026-02-27 03:15:00,450.0,150.8,13.8,4.124,,
91a5e869-3a7f-425f-a9a3-7515bc771a09,botanical_garden,2026-02-27 03:30:00,457.5,150.0,13.7,4.124,,
af31bc18-dbae-42c7-a6b9-8a27ab87dd35,botanical_garden,2026-02-27 03:45:00,464.3,149.7,13.62,4.124,,
96f02d21-47f5-46d0-b96e-071730e5dc52,botanical_garden,2026-02-27 04:00:00,469.7,148.7,13.6,4.124,,
cd8523af-94b8-4414-8a14-5b6873666394,botanical_garden,2026-02-27 04:15:00,475.5,148.0,13.5,4.124,,
18b7621b-d2f0-4233-a2b6-59c10fb691a9,botanical_garden,2026-02-27 04:30:00,479.3,149.2,13.4,4.109,,
45e5405f-93b4-4891-84a0-1658d904b90f,botanical_garden,2026-02-27 04:45:00,483.0,148.3,13.4,4.124,,
881d31dd-3a4a-4ea3-9f0c-a4a26e89d043,botanical_garden,2026-02-27 05:00:00,486.3,148.2,13.3,4.124,,
0443b0e6-70c5-4b83-b6e7-5c67898cad0a,botanical_garden,2026-02-27 05:15:00,489.5,148.8,13.3,4.124,,
05473dc8-4e3c-40b7-8a9c-e61a2208b1b9,botanical_garden,2026-02-27 05:30:00,492.7,149.7,13.2,4.124,,
8830f42c-965e-459b-b23e-8eeb3170a608,botanical_garden,2026-02-27 05:45:00,495.5,148.8,13.2,4.124,,
ef9c5171-df6f-40ca-8f1a-6b6b6de3cead,botanical_garden,2026-02-27 06:00:00,498.2,149.5,13.1,4.124,,
178f30dc-9018-4ff7-90cd-5a17b0f1cb8e,botanical_garden,2026-02-27 06:15:00,499.5,149.2,13.1,4.124,,
64b5a88f-a1b2-4a5a-827d-d7aec95d08c6,botanical_garden,2026-02-27 06:30:00,501.3,149.0,13.1,4.124,,
4cefe5dd-4ff8-4213-aa02-ad53cb3f668e,botanical_garden,2026-02-27 06:45:00,502.8,149.2,13.1,4.124,,
1b16f459-a728-40d1-b70c-fcdef8bb0170,botanical_garden,2026-02-27 07:00:00,504.7,149.7,13.1,4.124,,
def73265-1f4d-496a-9315-ffe58d08900d,botanical_garden,2026-02-27 07:15:00,506.3,149.3,13.0,4.124,,
d1fb7e01-4b8b-4fcc-8aad-f3a17fbebaae,botanical_garden,2026-02-27 07:30:00,508.0,148.8,13.0,4.124,,
40ea7d47-e03a-4fb0-9519-3975734b5284,botanical_garden,2026-02-27 07:45:00,509.8,148.2,13.0,4.124,,
835e7837-4136-497e-9c0f-87038eb4988a,botanical_garden,2026-02-27 08:00:00,511.0,148.0,13.0,4.109,,
663ad8e0-27ef-468e-a3b5-9f3a27577525,botanical_garden,2026-02-27 08:15:00,512.0,148.7,13.0,4.109,,
3507d44f-d7ae-4344-976c-897191a8a764,botanical_garden,2026-02-27 08:30:00,513.0,148.8,13.0,4.109,,
8eb60324-6948-4c67-87b0-8e3cab48ed71,botanical_garden,2026-02-27 08:45:00,514.5,148.0,13.0,4.109,,
39b00ba3-c60c-486e-8ddb-668f2fc1e614,botanical_garden,2026-02-27 09:00:00,515.0,147.7,12.9,4.109,,
c9a3d6d7-71ff-4d92-b1ac-3da37cc54558,botanical_garden,2026-02-27 09:15:00,516.3,148.8,12.9,4.109,,
d236a3d3-f578-4c3a-93b7-b53e39b71abd,botanical_garden,2026-02-27 09:30:00,518.0,149.8,12.9,4.109,,
97b0a35e-d6d5-4612-b315-a7395c327503,botanical_garden,2026-02-27 09:45:00,518.8,147.8,12.9,4.109,,
73bf043d-5c75-4709-8dca-61fb6a11d08f,botanical_garden,2026-02-27 10:00:00,519.7,147.5,12.9,4.109,,
6707c20c-9679-4dbe-b000-608e7e0dcb19,botanical_garden,2026-02-27 10:15:00,520.7,147.2,12.9,4.109,,
994e3743-f616-489f-9cd5-e5b6cb0a4741,botanical_garden,2026-02-27 10:30:00,520.8,147.7,12.9,4.109,,
3497f8ad-e57f-4d23-b647-c5621824ec05,botanical_garden,2026-02-27 10:45:00,521.8,147.7,12.9,4.109,,
b00d87b2-aefd-4e00-a7bc-872838c12537,botanical_garden,2026-02-27 11:00:00,522.3,148.3,12.9,4.109,,
29dafc02-a93d-46a8-9daa-64ad75720317,botanical_garden,2026-02-27 11:15:00,523.0,148.5,12.9,4.109,,
7ffe9603-055e-493d-9ea5-cd0e90bb7930,botanical_garden,2026-02-27 11:30:00,524.2,148.0,12.9,4.109,,
66a7fb37-0256-4f92-a0e6-b6d22a1da5e1,botanical_garden,2026-02-27 11:45:00,524.5,147.8,12.88,4.109,,
d7425e12-810c-4a9b-8a00-51368cce0ab0,botanical_garden,2026-02-27 12:00:00,525.0,148.0,12.8,4.109,,
26e160fe-b2b7-4b0d-84ce-99519e18fce1,botanical_garden,2026-02-27 12:15:00,526.5,148.5,12.8,4.109,,
c80528cd-f06c-4143-8760-8c1458eadb90,botanical_garden,2026-02-27 12:30:00,526.8,147.3,12.8,4.094,,
253a666b-67a0-49ee-8ec8-5a7fd27e5e77,botanical_garden,2026-02-27 12:45:00,527.0,148.5,12.73,4.109,,
4077afc0-a62e-4ca4-99d2-5928888d88c6,botanical_garden,2026-02-27 13:00:00,529.0,148.7,12.7,4.109,,
7012750a-cf20-4caa-a601-46099a6255c8,botanical_garden,2026-02-27 13:15:00,529.0,148.3,12.7,4.109,,
4cc9b16b-dffa-460a-94b3-bd8e8f9c5f5f,botanical_garden,2026-02-27 13:30:00,528.8,148.2,12.7,4.109,,
442e2f26-cb6c-403e-9566-f07f114e4606,botanical_garden,2026-02-27 13:45:00,529.7,148.8,12.68,4.109,,
3b7b1778-3b37-40f7-b82c-8ef69a5af571,botanical_garden,2026-02-27 14:00:00,530.8,148.8,12.6,4.109,,
42552494-f5e0-4a40-8246-d49042b67a78,botanical_garden,2026-02-27 14:15:00,531.0,148.8,12.6,4.109,,
08f20b87-869d-444b-9a2b-f8383401c08c,botanical_garden,2026-02-27 14:30:00,531.7,148.7,12.6,4.109,,
e5691c7b-8841-4b7d-a8ba-df8014040c3b,botanical_garden,2026-02-27 14:45:00,532.2,147.5,12.6,4.109,,
0e35b85d-79c9-4a7d-bfce-42ba5eb177ed,botanical_garden,2026-02-27 15:00:00,532.8,148.3,12.6,4.109,,
c965532f-6de7-4581-aaa0-e3d47f2d2c18,botanical_garden,2026-02-27 15:15:00,533.2,148.2,12.6,4.215,,
2363b24d-1387-4c08-b50b-ba981aaa93d3,botanical_garden,2026-02-27 15:30:00,533.7,148.2,12.6,4.2,,
6d20c858-0737-469c-b09d-b7743bf66d31,botanical_garden,2026-02-27 15:45:00,534.3,148.0,12.6,4.215,,
d8b5f25a-b318-4f52-be50-de1e911d89f3,botanical_garden,2026-02-27 16:00:00,535.2,148.3,12.7,4.215,,
6b630d95-1561-403d-869d-80658480fb3b,botanical_garden,2026-02-27 16:15:00,535.3,148.8,12.7,4.215,,
1ef18b06-b13b-49d2-88bb-cb6cc3f498a9,botanical_garden,2026-02-27 16:30:00,536.0,148.7,12.8,4.215,,
7c7fb49b-df58-4ead-a24d-1e4e3d3e81e6,botanical_garden,2026-02-27 16:45:00,536.2,149.8,12.9,4.215,,
d95be6f7-b75c-45b7-bd9c-e15e5068df17,botanical_garden,2026-02-27 17:00:00,534.3,151.8,12.9,4.23,,
a6ed1d40-6ed0-4f92-97ca-15a64bf3721a,botanical_garden,2026-02-27 17:15:00,524.3,151.2,12.97,4.23,,
099198ac-0a20-4950-aafe-e5a14b8e06a9,botanical_garden,2026-02-27 17:30:00,511.7,150.8,13.0,4.23,,
664b28aa-2a3a-4abb-9cac-09b90ec63f1b,botanical_garden,2026-02-27 17:45:00,498.5,150.2,13.1,4.23,,
f106be5d-273c-44cd-83f4-fc02166ad27d,botanical_garden,2026-02-27 18:00:00,486.0,151.5,13.2,4.23,,
579f9680-4882-4a45-aab6-ece31c6acd02,botanical_garden,2026-02-27 18:30:00,467.0,151.3,13.5,4.23,,
50a7668e-75a0-4080-b40b-2cfb3cf66a23,botanical_garden,2026-02-27 18:45:00,460.2,150.7,13.6,4.23,,
0da6fa45-537c-4146-9c21-fd0b8adec43b,botanical_garden,2026-02-27 19:00:00,454.3,152.3,13.8,4.23,,
a090f5f1-d8b4-4d70-ba41-551ec09d5c77,botanical_garden,2026-02-27 19:15:00,450.5,152.0,14.0,4.321,,
861059c8-4455-4714-af34-8a3fefec7156,botanical_garden,2026-02-27 19:45:00,444.5,152.3,14.6,4.23,,
5ebd0291-492e-478b-a804-681dae12242b,botanical_garden,2026-02-27 20:00:00,442.0,152.0,14.8,4.336,,
d60261e4-f3a3-471c-9e36-0bee2a4a7b83,botanical_garden,2026-02-27 20:15:00,440.3,150.5,15.0,4.336,,
f6210e54-369c-49e9-b6ad-f50833a7148a,botanical_garden,2026-02-27 20:30:00,439.5,150.7,15.3,4.336,,
37b35779-d229-4ef6-8f95-1c44a85bf59d,botanical_garden,2026-02-27 20:45:00,439.5,152.2,15.6,4.336,,
8e4fedca-4d31-4c7c-b785-cc1e1d0ade4b,botanical_garden,2026-02-27 21:00:00,439.7,152.3,15.8,4.336,,
973c8f8b-7cb7-4ec2-9bb6-82015a16bdf7,botanical_garden,2026-02-27 21:15:00,438.8,152.5,16.1,4.336,,
f6a6b7f1-579a-434d-8919-acf6cb2a2f26,botanical_garden,2026-02-27 21:30:00,437.7,151.8,16.2,4.336,,
9f22982c-830a-474a-ae26-fada46104298,botanical_garden,2026-02-27 21:45:00,437.7,153.5,16.3,4.336,,
aeae7f32-399f-43d4-890c-48ffdbba71ce,botanical_garden,2026-02-27 22:00:00,436.3,151.8,16.3,4.336,,
f1282acf-aabf-4f95-a150-91d837083600,botanical_garden,2026-02-27 22:15:00,435.5,152.5,16.32,4.336,,
65a59f6c-641a-477a-9b3b-ad974a07d003,botanical_garden,2026-02-27 22:30:00,434.5,152.8,16.4,4.336,,
2a833d8a-c6c3-430e-ba2f-bc68bac9e9db,botanical_garden,2026-02-27 22:45:00,434.3,152.3,16.3,4.336,,
af39287a-62d4-4f4e-ac87-f94faee6ed6c,botanical_garden,2026-02-27 23:00:00,433.7,151.3,16.3,4.336,,
ee971795-af86-44f8-9402-a6d95a0a7342,botanical_garden,2026-02-27 23:15:00,433.3,152.0,16.2,4.321,,
0dcbcf90-ed09-4099-b2e1-a51d830e8197,botanical_garden,2026-02-27 23:30:00,433.8,152.3,16.1,4.336,,
402e42b2-c134-4780-9958-f0efdf028a3a,botanical_garden,2026-02-27 23:45:00,434.3,153.5,16.1,4.336,,
d8fedcb3-023c-40d9-a0c1-df24cd7af3dd,botanical_garden,2026-02-28 00:00:00,435.3,153.2,16.1,4.336,,
c49f9fd3-1bb8-4324-8a01-7ec6d23b9d0e,botanical_garden,2026-02-28 00:15:00,436.3,151.5,16.0,4.336,,
41da40ff-5fc5-40e3-9de6-1de94a3c44c4,botanical_garden,2026-02-28 00:30:00,429.3,152.0,15.9,4.321,,
4c7c7a88-b074-459a-a0e5-d0302683a4e4,botanical_garden,2026-02-28 00:45:00,425.7,151.7,15.9,4.336,,
407f77ec-9844-4633-85eb-e1a3b31ce5ef,botanical_garden,2026-02-28 01:00:00,428.2,152.8,15.8,4.245,,
3d711174-d40a-4a08-be1a-fbf90d663352,botanical_garden,2026-02-28 01:15:00,431.2,153.2,15.7,4.215,,
44a36369-c5f9-4e71-8aba-a7b49684939d,botanical_garden,2026-02-28 01:45:00,434.2,151.5,15.5,4.124,,
a328a6c7-96c3-4fe7-8f00-c1eac7f58316,botanical_garden,2026-02-28 02:00:00,431.8,149.7,15.4,4.124,,
b9fbc8d0-ba79-4d12-92c2-d5f915dfd2f7,botanical_garden,2026-02-28 02:15:00,432.0,149.0,15.3,4.124,,
49677c69-fa99-4791-8a31-1e5cd325e660,botanical_garden,2026-02-28 02:30:00,436.3,148.8,15.2,4.124,,
097e629e-d0dd-4de2-88d8-4607e9024dd0,botanical_garden,2026-02-28 02:45:00,446.0,149.5,15.1,4.124,,
6d359892-a398-4100-847e-8e6f2c3b634d,botanical_garden,2026-02-28 03:00:00,455.3,148.2,15.0,4.124,,
d6767d11-1326-4310-a74c-b4fb962f72f3,botanical_garden,2026-02-28 03:15:00,466.5,148.3,14.9,4.124,,
a53df600-275d-44a1-a86a-f4e0066507f2,botanical_garden,2026-02-28 03:30:00,477.5,147.2,14.8,4.124,,
3facd801-dc22-448f-9ecf-0ff86d0a1851,botanical_garden,2026-02-28 03:45:00,486.8,146.0,14.73,4.124,,
123a6a6b-c6f2-4b96-a484-a7b2bce3ce82,botanical_garden,2026-02-28 04:00:00,495.8,146.2,14.7,4.124,,
ccd69483-3f3c-43b4-9a09-843f5a3d9ccf,botanical_garden,2026-02-28 04:15:00,503.0,146.5,14.6,4.124,,
936a513c-f827-492c-8020-4b7329603cae,botanical_garden,2026-02-28 04:30:00,508.8,146.7,14.6,4.124,,
15160c6e-0127-4519-a289-004fd0c14a82,botanical_garden,2026-02-28 04:45:00,511.2,145.7,14.58,4.124,,
dd46d492-00d3-4f26-b978-c89a76acc13d,botanical_garden,2026-02-28 05:00:00,521.2,147.2,14.5,4.124,,
aaf2e612-8922-47d0-b082-a2ae9959270d,botanical_garden,2026-02-28 05:15:00,526.2,147.0,14.5,4.124,,
5b8f30fe-2d2b-425d-8814-9f8e7abc4704,botanical_garden,2026-02-28 05:30:00,529.7,146.0,14.4,4.109,,
37089b6e-4545-4f63-8c93-ba112454abc4,botanical_garden,2026-02-28 05:45:00,531.8,146.5,14.4,4.124,,
f11f7fe3-06d8-4819-b7ae-e603aa80d510,botanical_garden,2026-02-28 06:00:00,536.3,146.0,14.4,4.124,,
be9ffac7-2ce9-4c7f-8564-2b6e6694f1ef,botanical_garden,2026-02-28 06:15:00,538.8,145.8,14.4,4.124,,
678baee2-56f2-4b44-8ebf-1453cb7226e1,botanical_garden,2026-02-28 06:30:00,539.5,145.8,14.3,4.124,,
8b628eb6-b023-4be3-8547-2dc02088ba9e,botanical_garden,2026-02-28 06:45:00,543.8,146.5,14.3,4.124,,
bbfced14-dece-4da8-8481-f5dc1ce31513,botanical_garden,2026-02-28 07:00:00,546.0,146.2,14.3,4.124,,
0becee8e-5e29-4a03-99a3-e5c8d7ca0f46,botanical_garden,2026-02-28 07:15:00,547.7,146.5,14.2,4.124,,
5fae1cd3-34e7-4a4b-9538-9c6f9f578146,botanical_garden,2026-02-28 07:30:00,549.3,146.8,14.2,4.124,,
410e3332-4aec-4f8d-bc54-786711b2d2c1,botanical_garden,2026-02-28 07:45:00,551.0,146.7,14.1,4.124,,
1dcbff51-ae13-4d54-9bb1-e55d4d1f8ffe,botanical_garden,2026-02-28 08:00:00,552.7,147.0,14.1,4.124,,
1ec9b3ef-4efa-4a2f-933c-3d788034185e,botanical_garden,2026-02-28 08:15:00,551.7,146.5,14.0,4.124,,
ae8f4cdd-242f-4b21-bbb9-c16dcbee1d1a,botanical_garden,2026-02-28 08:30:00,555.0,146.2,14.0,4.124,,
7e4742dd-ec05-4153-97d9-7acae17860ba,botanical_garden,2026-02-28 08:45:00,557.7,146.7,14.0,4.124,,
e5a41a7b-42e4-4210-a3ce-93d0798e948d,botanical_garden,2026-02-28 09:00:00,558.7,145.2,13.9,4.124,,
aa7dde63-beb3-42b4-ad16-1cb617f7fa19,botanical_garden,2026-02-28 09:15:00,560.3,145.3,13.9,4.109,,
7f937b70-f846-4436-ae83-632a7f27454c,botanical_garden,2026-02-28 09:30:00,561.0,145.8,13.9,4.124,,
90310e80-6a6e-4e43-8d94-b9508e307263,botanical_garden,2026-02-28 09:45:00,561.3,145.7,13.9,4.109,,
cb7e27fa-7319-493c-a44f-1930a129c2d3,botanical_garden,2026-02-28 10:00:00,562.0,146.5,13.9,4.124,,
c1a15939-b9a6-483f-9827-98d5b5139abf,botanical_garden,2026-02-28 10:15:00,562.5,145.3,13.83,4.109,,
b26d956a-a8e3-4644-b048-67ab875d6225,botanical_garden,2026-02-28 10:30:00,564.7,145.5,13.8,4.109,,
575c22f4-f6f0-4fec-8b64-3bc955119bb0,botanical_garden,2026-02-28 10:45:00,564.5,144.3,13.8,4.109,,
1cdcb5b6-d968-4c3b-a7f3-2dd758d66ad8,botanical_garden,2026-02-28 11:00:00,564.2,144.7,13.8,4.109,,
d8ef31e6-5d11-47da-9408-910bfeceaf6e,botanical_garden,2026-02-28 11:15:00,566.3,144.5,13.8,4.109,,
8977da26-37e6-4471-be0d-20d0c0805436,botanical_garden,2026-02-28 11:30:00,566.5,146.2,13.8,4.109,,
97fda7aa-146d-4a86-9e23-1ae3299bd58a,botanical_garden,2026-02-28 11:45:00,567.5,145.5,13.8,4.109,,
e5c55541-e7c7-4004-b62a-6031ba8f62b7,botanical_garden,2026-02-28 12:00:00,569.0,145.2,13.8,4.109,,
1ed38b53-582d-41a4-ab71-7585885ea51c,botanical_garden,2026-02-28 12:15:00,570.0,145.2,13.7,4.109,,
f438c89b-221a-4556-9165-22f61c41a070,botanical_garden,2026-02-28 12:30:00,570.7,144.7,13.7,4.109,,
dab227f3-a042-4f5e-a531-2174f9646b8f,botanical_garden,2026-02-28 12:45:00,570.5,145.3,13.7,4.109,,
c5da7b55-aba0-4a41-a086-61e5769be83b,botanical_garden,2026-02-28 13:00:00,569.7,143.5,13.7,4.109,,
c4846d51-91e5-44d4-8083-91a75817be53,botanical_garden,2026-02-28 13:15:00,572.3,145.5,13.7,4.094,,
6366e71c-d43c-4fc2-a083-2c1e5b7256f1,botanical_garden,2026-02-28 13:30:00,571.3,143.8,13.6,4.094,,
3b597155-ec31-428d-a07c-11019ba07c84,botanical_garden,2026-02-28 13:45:00,571.5,143.8,13.6,4.109,,
679a8435-35d7-4aee-8f20-f728c034c0bc,botanical_garden,2026-02-28 14:00:00,570.3,143.7,13.6,4.109,,
235fb9b0-b445-4f2d-9219-a5e14f99afd7,botanical_garden,2026-02-28 14:15:00,573.0,145.0,13.5,4.109,,
9acfcea7-bbf4-4c27-b836-e65c3c100e49,botanical_garden,2026-02-28 14:30:00,572.5,145.5,13.5,4.109,,
d1d3887f-4ae3-4470-bfe8-d9e0c0f1d485,botanical_garden,2026-02-28 14:45:00,574.0,144.7,13.5,4.109,,
ba83cd3b-1b9c-4ed9-b950-af4b0f635532,botanical_garden,2026-02-28 15:00:00,572.8,145.7,13.5,4.109,,
6685a15a-5500-4981-b21b-0f0016a6de2c,botanical_garden,2026-02-28 15:15:00,574.0,145.5,13.4,4.109,,
2a5190ce-c5f8-4365-87f3-ec4c147458dd,botanical_garden,2026-02-28 15:30:00,575.2,143.5,13.4,4.109,,
1b8397e4-6ec9-4c45-aae6-6d99cf35cc89,botanical_garden,2026-02-28 15:45:00,576.0,145.7,13.4,4.124,,
848ccc48-ef06-4791-a230-7f0e783904c5,botanical_garden,2026-02-28 16:00:00,576.3,144.2,13.4,4.23,,
d33874f2-6f6b-4741-980a-f7dfa259bf40,botanical_garden,2026-02-28 16:15:00,576.3,146.8,13.4,4.23,,
aa89489d-c195-40e4-aed2-ac512fa2bf9a,botanical_garden,2026-02-28 16:30:00,577.2,146.3,13.4,4.245,,
0decc180-96f3-41bd-acb1-faf8690135a6,botanical_garden,2026-02-28 16:45:00,573.8,146.7,13.5,4.215,,
d493b932-c405-4d1b-a9ed-22dfa692f007,botanical_garden,2026-02-28 17:00:00,572.8,147.5,13.6,4.23,,
f28ebe01-5cf4-44f3-9c4c-812c83845997,botanical_garden,2026-02-28 17:15:00,565.0,147.8,13.6,4.23,,
cfd79f3c-c033-4ffa-8a3b-2475305e7a84,botanical_garden,2026-02-28 17:30:00,548.3,148.0,13.7,4.23,,
b22c76f2-d8a9-4337-85fc-9b4f1cef11d4,botanical_garden,2026-02-28 17:45:00,531.5,147.8,13.8,4.23,,
52fdc454-c5fc-4c7a-9245-2c7118ffadcb,botanical_garden,2026-02-28 18:00:00,518.2,147.8,13.9,4.23,,
3107b0ee-63a0-44fc-b90a-c137c65bdb5f,botanical_garden,2026-02-28 18:15:00,498.5,148.2,14.0,4.23,,
5c803cec-4728-4217-b130-f971dd26365f,botanical_garden,2026-02-28 18:30:00,488.0,148.3,14.2,4.23,,
e38eda76-e178-4089-9f67-8e4a43c60ffb,botanical_garden,2026-02-28 18:45:00,479.3,150.0,14.4,4.336,,
d3b85840-74e4-4273-9c9f-2f14f60d0d8b,botanical_garden,2026-02-28 19:00:00,471.8,149.3,14.58,4.321,,
b66074aa-6af1-40db-bba4-cf65c2dfd0ff,botanical_garden,2026-02-28 19:15:00,469.8,149.7,14.7,4.321,,
7c31444c-f734-4883-afb2-c7a9e0d66283,botanical_garden,2026-02-28 19:30:00,467.0,150.3,14.9,4.336,,
765d858b-b93f-49cb-8d57-82687e612757,botanical_garden,2026-02-28 19:45:00,464.0,150.2,15.1,4.336,,
d7a19f70-8286-4e3e-bfa5-845833cff069,botanical_garden,2026-02-28 20:00:00,459.8,149.2,15.2,4.336,,
82d1a06e-a54d-4c5b-9f52-4f64b3513fed,botanical_garden,2026-02-28 20:30:00,458.8,149.7,15.3,4.336,,
996e53c1-13c7-4110-a51d-280ee90fe7b9,botanical_garden,2026-02-28 20:45:00,455.3,149.7,15.7,4.336,,
17018a2a-b1b2-4287-a5b9-52889127bad9,botanical_garden,2026-02-28 21:00:00,458.5,150.0,16.1,4.336,,
84f7ffa3-2314-407a-82bf-b2059e04c090,botanical_garden,2026-02-28 21:15:00,457.3,151.2,16.4,4.321,,
0be8511b-3b08-49a5-b974-956bd22cd22c,botanical_garden,2026-02-28 21:30:00,447.5,150.3,16.6,4.336,,
425690cf-b796-4a9b-9b38-0b5a6ca50c37,botanical_garden,2026-02-28 21:45:00,453.8,149.0,16.6,4.336,,
4fc67615-6417-4475-9923-107a5a7a97ab,botanical_garden,2026-02-28 22:00:00,454.8,149.3,16.6,4.336,,
4472913a-0e89-483e-8c52-c0e2560a2371,botanical_garden,2026-02-28 22:15:00,452.8,149.0,16.6,4.336,,
74bea54a-9d06-449f-979b-50823f2e18f9,botanical_garden,2026-02-28 22:30:00,447.3,149.0,16.6,4.336,,
0424f5b2-67cd-4c6e-ba48-ac231177d205,botanical_garden,2026-02-28 22:45:00,445.7,148.2,16.6,4.336,,
d8435507-0f3b-4369-a251-686f2d98cc4b,botanical_garden,2026-02-28 23:00:00,444.5,149.2,16.5,4.336,,
31862928-b360-49e4-979e-830d7dfb7c4a,botanical_garden,2026-02-28 23:15:00,443.8,149.3,16.5,4.321,,
491b1672-d6bf-45cd-8c8e-fdcc28ed9079,botanical_garden,2026-02-28 23:30:00,443.3,149.2,16.4,4.336,,
c0b4834a-e3e8-433f-b9ca-bf53a1c60dd4,botanical_garden,2026-02-28 23:45:00,442.2,150.2,16.4,4.336,,
45d8aed4-bb88-4df4-9384-d0f083c726b3,botanical_garden,2026-03-01 00:00:00,443.0,149.5,16.3,4.336,,
d3e3f67a-8952-45b1-876c-a957d1f4887b,botanical_garden,2026-03-01 00:15:00,443.3,150.0,16.2,4.321,,
40adb825-8bfd-4f94-a7ff-62fd9c1eeef4,botanical_garden,2026-03-01 00:30:00,445.7,150.0,16.1,4.321,,
18eb6814-faa8-4759-861c-7af956c7b22c,botanical_garden,2026-03-01 00:45:00,447.5,149.0,16.0,4.23,,
a8168e26-5ac2-482a-82a4-6b03adb85e65,botanical_garden,2026-03-01 01:00:00,446.0,148.5,15.9,4.245,,
85ab95ff-11c8-4174-8068-1296bed8da06,botanical_garden,2026-03-01 01:15:00,452.5,148.0,15.72,4.215,,
fb4bc30d-6929-4c71-8cc1-d8ade3cf7cc2,botanical_garden,2026-03-01 01:30:00,453.0,148.0,15.6,4.124,,
7af7e24c-5838-4dfc-855c-bbc47e2264ab,botanical_garden,2026-03-01 01:45:00,454.0,148.5,15.5,4.124,,
0c29d8b1-ab52-44cb-877d-18b42cad7eed,botanical_garden,2026-03-01 02:00:00,453.3,147.8,15.4,4.124,,
739be206-818b-4f32-860a-be9011503bf4,botanical_garden,2026-03-01 02:15:00,453.0,146.5,15.3,4.124,,
c54fad5b-9fdd-4b0e-abb6-c4a612538c1c,botanical_garden,2026-03-01 02:30:00,454.5,145.8,15.2,4.124,,
cd0f6093-1d65-44f6-9826-cd8e78381cf3,botanical_garden,2026-03-01 02:45:00,460.5,145.3,15.1,4.124,,
177864d0-4895-404b-adcd-11e0cb275811,botanical_garden,2026-03-01 03:00:00,471.7,145.3,15.0,4.124,,
55bb13cd-578a-4d2e-b835-8c025f02f731,botanical_garden,2026-03-01 03:15:00,482.7,144.0,14.9,4.124,,
6528eaf4-bbc6-4a1e-9ada-caa7edd2e934,botanical_garden,2026-03-01 03:30:00,494.5,144.5,14.8,4.124,,
4af4acf5-d77e-45f2-a39a-5c3aede29428,botanical_garden,2026-03-01 03:45:00,501.2,144.5,14.6,4.124,,
77281381-c2f1-473b-b598-3e6f23304e24,botanical_garden,2026-03-01 04:00:00,515.7,144.8,14.5,4.124,,
acdcb6b4-618b-4ff6-bec1-da3b45c52e3c,botanical_garden,2026-03-01 04:15:00,524.5,143.8,14.4,4.124,,
47745292-8328-4789-a360-1e09d65e42b9,botanical_garden,2026-03-01 04:30:00,530.8,143.2,14.3,4.124,,
7ef3bda6-907d-40cf-936c-de6ac02aff14,botanical_garden,2026-03-01 04:45:00,537.2,143.3,14.2,4.124,,
0f606ee9-a95c-4626-a90e-df88772d92ab,botanical_garden,2026-03-01 05:00:00,543.0,143.7,14.1,4.124,,
17d79d68-7450-4a48-9b45-9b70ed3eca22,botanical_garden,2026-03-01 05:15:00,548.7,144.2,14.1,4.124,,
25ed39d6-b7b4-41ec-bbb1-daf610752b63,botanical_garden,2026-03-01 05:30:00,546.3,144.3,14.0,4.124,,
aa1a1157-7db3-41db-bcb5-2b68f5fe2b76,botanical_garden,2026-03-01 05:45:00,551.3,145.3,13.9,4.124,,
f9c5f19f-00a7-433f-a104-2aba7214b46e,botanical_garden,2026-03-01 06:00:00,555.0,144.3,13.87,4.124,,
a2ae7da5-0080-415c-b2eb-e2dc498a5c87,botanical_garden,2026-03-01 06:15:00,557.7,144.5,13.8,4.124,,
e6eba1d8-4b1a-421d-978f-126f8133813a,botanical_garden,2026-03-01 06:30:00,560.5,144.8,13.8,4.124,,
90c5a5a1-9cd5-4ead-902f-cc49a221caf4,botanical_garden,2026-03-01 06:45:00,563.8,144.0,13.7,4.094,,
f2e054a8-9902-4198-b463-6c3a8be8150d,botanical_garden,2026-03-01 07:00:00,566.8,143.3,13.7,4.109,,
8e469a09-2054-406e-a31b-84a86205f02f,botanical_garden,2026-03-01 07:15:00,569.0,143.8,13.7,4.124,,
70fc8545-1c35-45ba-9b5a-b5385e8ef8c7,botanical_garden,2026-03-01 07:30:00,570.8,143.0,13.6,4.124,,
577ab8b7-f223-454f-a265-d32a53762307,botanical_garden,2026-03-01 07:45:00,572.7,142.0,13.65,4.109,,
